26
KnumarCCFEE5892|Knufia_marmoricola_CCFEE_5892        0.0000000 0.4408400 0.6354734 0.5716050 0.5716050 0.3040984 0.3831191 0.3040984 0.5716050 0.3389888 0.3040984 0.3040984 0.5716050 0.5716050 0.3040984 0.5716050 0.5716050 0.5716050 0.6566015 0.4849704 0.5716050 1.8636800 0.3596798 0.5198604 0.3596798 0.8239592 
uncfun4|uncultured_fungus__                          0.4408400 0.0000000 0.0000010 0.0000010 0.0000010 0.0000010 0.0000010 0.0000010 0.0000010 0.0000010 0.0000010 0.0000010 0.0000010 0.0000010 0.0000010 0.0000010 0.0000010 0.0000010 0.1772908 0.0000010 0.0000010 0.6181316 0.0000010 0.1367408 0.0000010 0.0000010 
uncfun2|uncultured_fungus__                          0.6354734 0.0000010 0.0000000 0.0000010 0.0000010 0.0000010 0.0000010 0.0000010 0.0000010 0.0000010 0.0000010 0.0000010 0.0000010 0.0000010 0.0000010 0.0000010 0.0000010 0.0000010 0.1584818 0.0000010 0.0000010 0.6354734 0.0000010 0.1367408 0.0000010 0.0000010 
uncfun1|uncultured_fungus__                          0.5716050 0.0000010 0.0000010 0.0000000 0.0000010 0.0000010 0.0000010 0.0000010 0.0000010 0.0000010 0.0000010 0.0000010 0.0000010 0.0000010 0.0000010 0.0000010 0.0000010 0.1835189 0.1432906 0.0698178 0.1432914 0.7083462 0.0000010 0.1367408 0.0000010 0.0000010 
uncExo|uncultured_Exophiala__                        0.5716050 0.0000010 0.0000010 0.0000010 0.0000000 0.0000010 0.0000010 0.0000010 0.0000010 0.0000010 0.0000010 0.0000010 0.0000010 0.0000010 0.0000010 0.0000010 0.0000010 0.1835189 0.1432906 0.0698178 0.0969088 0.7083462 0.0000010 0.1367408 0.0000010 0.0000010 
LitspCCFEE6069|Lithohypha_sp._CCFEE_6069             0.3040984 0.0000010 0.0000010 0.0000010 0.0000010 0.0000000 0.0000010 0.0000010 0.0000010 0.0000010 0.0000010 0.0000010 0.0000010 0.0000010 0.0000010 0.0000010 0.0000010 0.0000010 0.0000010 0.0000010 0.0000010 0.4408399 0.0000010 0.1367408 0.0000010 0.0000010 
SarcruUAMH4286|Sarcinomyces_crustaceus_UAMH_4286     0.3831191 0.0000010 0.0000010 0.0000010 0.0000010 0.0000010 0.0000000 0.0000010 0.0000010 0.0000010 0.0000010 0.0000010 0.0000010 0.0000010 0.0000010 0.0000010 0.0000010 0.0000010 0.0612585 0.0000010 0.0000010 0.4769913 0.0000010 0.1367408 0.0000010 0.0000010 
PhacheCH49|Phaeococcomyces_chersonesos_CH49          0.3040984 0.0000010 0.0000010 0.0000010 0.0000010 0.0000010 0.0000010 0.0000000 0.0000010 0.0000010 0.0000010 0.0000010 0.0000010 0.0000010 0.0000010 0.0000010 0.0000010 0.0000010 0.0000010 0.0000010 0.0000010 0.4849704 0.0000010 0.1367408 0.0000010 0.0000010 
KnumarCCFEE5886|Knufia_marmoricola_CCFEE_5886        0.5716050 0.0000010 0.0000010 0.0000010 0.0000010 0.0000010 0.0000010 0.0000010 0.0000000 0.0000010 0.0000010 0.0000010 0.0000010 0.0000010 0.0000010 0.0000010 0.0000010 0.0000010 0.1505030 0.0883373 0.0000010 0.5913430 0.0000010 0.1367408 0.0000010 0.0000010 
KnumarCCFEE6201|Knufia_marmoricola_CCFEE_6201        0.3389888 0.0000010 0.0000010 0.0000010 0.0000010 0.0000010 0.0000010 0.0000010 0.0000010 0.0000000 0.0000010 0.0000010 0.0000010 0.0000010 0.0000010 0.0000010 0.0000010 0.0000010 0.1202568 0.0000010 0.0000010 0.5481656 0.0000010 0.1367408 0.0000010 0.0000010 
KnuvalCBS146989|Knufia_walvisbayicola_CBS_146989     0.3040984 0.0000010 0.0000010 0.0000010 0.0000010 0.0000010 0.0000010 0.0000010 0.0000010 0.0000010 0.0000000 0.0000010 0.0000010 0.0000010 0.0000010 0.0000010 0.0000010 0.0000010 0.0000010 0.0000010 0.0000010 0.4408400 0.0000010 0.1367408 0.0000010 0.0000010 
KnuspNWHC45700969|Knufia_sp._NWHC45700-969           0.3040984 0.0000010 0.0000010 0.0000010 0.0000010 0.0000010 0.0000010 0.0000010 0.0000010 0.0000010 0.0000010 0.0000000 0.0000010 0.0000010 0.0000010 0.0000010 0.0000010 0.0000010 0.0000010 0.0000010 0.0000010 0.1584816 0.0000010 0.1367408 0.0000010 0.0000010 
KnuspSD2017|Knufia_sp._SD-2017                       0.5716050 0.0000010 0.0000010 0.0000010 0.0000010 0.0000010 0.0000010 0.0000010 0.0000010 0.0000010 0.0000010 0.0000010 0.0000000 0.0000010 0.0000010 0.0000010 0.0000010 0.1835189 0.1432906 0.0698178 0.1432914 0.7083462 0.0000010 0.1367408 0.0000010 0.0000010 
KnuspMV2018|Knufia_sp._MV-2018                       0.5716050 0.0000010 0.0000010 0.0000010 0.0000010 0.0000010 0.0000010 0.0000010 0.0000010 0.0000010 0.0000010 0.0000010 0.0000010 0.0000000 0.0000010 0.0000010 0.0000010 0.1835189 0.1432906 0.0698178 0.1432914 0.7083462 0.0000010 0.1367408 0.0000010 0.0000010 
KnupetCBS72695|Knufia_petricola_CBS_726.95           0.3040984 0.0000010 0.0000010 0.0000010 0.0000010 0.0000010 0.0000010 0.0000010 0.0000010 0.0000010 0.0000010 0.0000010 0.0000010 0.0000010 0.0000000 0.0000010 0.0000010 0.0000010 0.0000010 0.0000010 0.0000010 0.3040984 0.0000010 0.1367408 0.0000010 0.0000010 
KnucryDAOM216555|Knufia_cryptophialidica_DAOM_216555 0.5716050 0.0000010 0.0000010 0.0000010 0.0000010 0.0000010 0.0000010 0.0000010 0.0000010 0.0000010 0.0000010 0.0000010 0.0000010 0.0000010 0.0000010 0.0000000 0.0000010 0.1835189 0.1432906 0.0698178 0.1432914 0.7083462 0.0000010 0.1367408 0.0000010 0.0000010 
ArttroCBS134926|Arthrocladium_tropicale_CBS_134926   0.5716050 0.0000010 0.0000010 0.0000010 0.0000010 0.0000010 0.0000010 0.0000010 0.0000010 0.0000010 0.0000010 0.0000010 0.0000010 0.0000010 0.0000010 0.0000010 0.0000000 0.0969085 0.1432906 0.0698178 0.0000010 0.7083462 0.0000010 0.1367408 0.0000010 0.0000010 
KnukarCBS139720|Knufia_karalitana_CBS_139720         0.5716050 0.0000010 0.0000010 0.1835189 0.1835189 0.0000010 0.0000010 0.0000010 0.0000010 0.0000010 0.0000010 0.0000010 0.1835189 0.1835189 0.0000010 0.1835189 0.0969085 0.0000000 0.1432906 0.0698178 0.2783820 0.7083462 0.0000010 0.1367408 0.0000010 0.0000010 
KnuvatCBS139722|Knufia_vaticanii_CBS_139722          0.6566015 0.1772908 0.1584818 0.1432906 0.1432906 0.0000010 0.0612585 0.0000010 0.1505030 0.1202568 0.0000010 0.0000010 0.1432906 0.1432906 0.0000010 0.1432906 0.1432906 0.1432906 0.0000000 0.0811602 0.1432906 0.6986687 0.0000010 0.1367408 0.0000010 0.0000010 
KnumedCCFEE6211|Knufia_mediterranea_CCFEE_6211       0.4849704 0.0000010 0.0000010 0.0698178 0.0698178 0.0000010 0.0000010 0.0000010 0.0883373 0.0000010 0.0000010 0.0000010 0.0698178 0.0698178 0.0000010 0.0698178 0.0698178 0.0698178 0.0811602 0.0000000 0.0698178 0.7166336 0.0000010 0.1367408 0.0000010 0.0000010 
KnupetA95|Knufia_petricola_A95                       0.5716050 0.0000010 0.0000010 0.1432914 0.0969088 0.0000010 0.0000010 0.0000010 0.0000010 0.0000010 0.0000010 0.0000010 0.1432914 0.1432914 0.0000010 0.1432914 0.0000010 0.2783820 0.1432906 0.0698178 0.0000000 0.7083462 0.0000010 0.1367408 0.0000010 0.0000010 
KnukarCCFEE5921|Knufia_karalitana_CCFEE_5921         1.8636800 0.6181316 0.6354734 0.7083462 0.7083462 0.4408399 0.4769913 0.4849704 0.5913430 0.5481656 0.4408400 0.1584816 0.7083462 0.7083462 0.3040984 0.7083462 0.7083462 0.7083462 0.6986687 0.7166336 0.7083462 0.0000000 0.0000010 0.0000010 0.0000010 0.0000010 
KnuepiCCFEE5813|Knufia_epidermidis_CCFEE_5813        0.3596798 0.0000010 0.0000010 0.0000010 0.0000010 0.0000010 0.0000010 0.0000010 0.0000010 0.0000010 0.0000010 0.0000010 0.0000010 0.0000010 0.0000010 0.0000010 0.0000010 0.0000010 0.0000010 0.0000010 0.0000010 0.0000010 0.0000000 0.0000010 0.0000010 0.0000010 
KnuepiCCFEE5814|Knufia_epidermidis_CCFEE_5814        0.5198604 0.1367408 0.1367408 0.1367408 0.1367408 0.1367408 0.1367408 0.1367408 0.1367408 0.1367408 0.1367408 0.1367408 0.1367408 0.1367408 0.1367408 0.1367408 0.1367408 0.1367408 0.1367408 0.1367408 0.1367408 0.0000010 0.0000010 0.0000000 0.0000010 0.0000010 
KnumarCCFEE5726|Knufia_marmoricola_CCFEE_5726        0.3596798 0.0000010 0.0000010 0.0000010 0.0000010 0.0000010 0.0000010 0.0000010 0.0000010 0.0000010 0.0000010 0.0000010 0.0000010 0.0000010 0.0000010 0.0000010 0.0000010 0.0000010 0.0000010 0.0000010 0.0000010 0.0000010 0.0000010 0.0000010 0.0000000 0.0000010 
LitaloCPC35996|Lithohypha_aloicola_CPC_35996         0.8239592 0.0000010 0.0000010 0.0000010 0.0000010 0.0000010 0.0000010 0.0000010 0.0000010 0.0000010 0.0000010 0.0000010 0.0000010 0.0000010 0.0000010 0.0000010 0.0000010 0.0000010 0.0000010 0.0000010 0.0000010 0.0000010 0.0000010 0.0000010 0.0000010 0.0000000 
