64
SarcruUAMH4286|Sarcinomyces_crustaceus_UAMH_4286         0.0000000 1.2238025 0.8842978 1.2451586 0.8467615 0.9261598 0.8974418 2.3089600 0.6991510 1.0117299 0.7193671 0.8835091 0.8182183 0.8165345 0.7675417 0.9389455 0.8395777 0.8595384 0.8564045 0.8266230 1.0088154 0.8767773 0.8767773 0.8476837 0.8899457 0.7360319 0.6620851 0.7263224 0.7360319 0.8423568 0.8298684 0.6559238 0.7764510 0.7194675 0.6984599 0.7384265 0.6842728 0.6675949 0.6675949 0.6675949 0.6675949 0.6753775 0.6762644 0.6675949 0.6762644 0.6762644 0.6965992 0.9344276 0.7398367 0.6633726 0.6669192 0.7462792 0.6709466 0.6945088 0.7038388 0.6749767 0.6749767 0.6749767 0.7057519 0.7057519 0.7057519 0.7151704 0.7151704 0.6581781 
PhanigUAMH4084|Phaeococcomyces_nigricans_UAMH_4084       1.2238025 0.0000000 1.2646703 2.3792641 1.4791928 1.5202060 1.2837259 4.5795883 1.0996645 1.2652099 0.9975254 1.1877911 1.1109072 1.2636012 0.9438039 0.7813551 0.7659360 0.6334940 0.6933683 1.1542131 1.1288033 0.7139613 0.7139613 0.7469557 0.7939468 0.7633619 0.7332263 0.7080080 0.7633619 0.7507970 0.6978660 0.7032871 0.7954641 0.6979898 0.6979898 0.5974948 0.7265202 0.6485176 0.6485176 0.6485176 0.6485176 0.6561736 0.6954303 0.6485176 0.6954303 0.6954303 0.6954303 0.8152529 0.8242478 0.7306175 0.6790461 0.8932324 0.7016047 0.6517696 0.6153036 0.6778605 0.6778605 0.6778605 0.7034426 0.7034426 0.7034426 0.7567415 0.7567415 0.5777329 
uncfun2|uncultured_fungus__                              0.8842978 1.2646703 0.0000000 0.0213469 0.0522788 0.0415353 0.0590166 0.1825540 0.2060494 0.2263807 0.5937569 0.4477101 0.4149251 0.4154440 0.4352604 0.5377132 0.4911185 0.5069509 0.4858639 0.4307726 0.6030232 0.4694096 0.4694096 0.4701378 0.4694096 0.3542718 0.3788284 0.3432132 0.3432132 0.4641387 0.4374933 0.4243542 0.3778438 0.3702293 0.3586064 0.3704293 0.3498878 0.3332185 0.3332185 0.3332185 0.3332185 0.3355371 0.3332185 0.3332185 0.3332185 0.3332185 0.3440776 0.4364819 0.3503243 0.3346772 0.3486344 0.4369555 0.3514144 0.3461021 0.3697510 0.3484600 0.3484600 0.3484600 0.3948920 0.3948920 0.3948920 0.3948920 0.3948920 0.3692652 
Knusp112|Knufia_sp._112                                  1.2451586 2.3792641 0.0213469 0.0000000 0.0464517 0.0296209 0.0813859 0.1666861 0.2328628 0.2403617 0.8787805 0.4453534 0.4389760 0.4723050 0.5438166 0.7249787 0.6380098 0.6703455 0.6412162 0.5393073 0.6221334 0.5387036 0.5387036 0.5387036 0.5387036 0.4050195 0.4444887 0.3892953 0.3892953 0.5428251 0.5039722 0.5121120 0.4569429 0.4651871 0.4477070 0.4291553 0.4148799 0.4053329 0.4053329 0.4053329 0.4053329 0.4053329 0.4053329 0.4053329 0.4053329 0.4053329 0.4053329 0.4634385 0.4706523 0.4360852 0.4711695 0.4711695 0.4562358 0.4026445 0.3872078 0.4387047 0.4387047 0.4387047 0.4542129 0.4542129 0.4542129 0.4542129 0.4542129 0.4263398 
uncfun1|uncultured_fungus__                              0.8467615 1.4791928 0.0522788 0.0464517 0.0000000 0.0777246 0.0587569 0.1127328 0.2025585 0.2133100 0.7019478 0.4993305 0.4498322 0.4503399 0.5116334 0.6151820 0.6147479 0.5803075 0.5743987 0.5336537 0.7544976 0.5282446 0.5282446 0.5365748 0.5282446 0.4337431 0.4500270 0.4214531 0.4214531 0.4871231 0.4595449 0.4400431 0.4601552 0.4435474 0.4307037 0.3958440 0.4291658 0.4096521 0.4096521 0.4096521 0.4096521 0.4127811 0.4096521 0.4096521 0.4096521 0.4096521 0.4216156 0.5063760 0.4155650 0.4359205 0.4497098 0.5851175 0.4171765 0.3909502 0.3848385 0.4020715 0.4020715 0.4020715 0.4038841 0.4038841 0.4038841 0.4038841 0.4038841 0.3963470 
uncExo|uncultured_Exophiala__                            0.9261598 1.5202060 0.0415353 0.0296209 0.0777246 0.0000000 0.0844187 0.1674206 0.1847199 0.2306667 0.6076345 0.4720229 0.4414532 0.4831069 0.4747735 0.5905359 0.5261548 0.5433209 0.5225552 0.5033072 0.7295214 0.4978757 0.4978757 0.5133836 0.4978757 0.3667961 0.4716645 0.3552971 0.3552971 0.4701609 0.4796356 0.4324081 0.4321270 0.4370142 0.4246220 0.4092378 0.4038841 0.3970217 0.3970217 0.3970217 0.3970217 0.3999500 0.3970217 0.3970217 0.3970217 0.3970217 0.3970217 0.4821541 0.4590085 0.3681448 0.3932129 0.5268303 0.4004501 0.3911996 0.3755829 0.3819433 0.3819433 0.3819433 0.4100193 0.4100193 0.4100193 0.4100193 0.4100193 0.4094819 
uncfun4|uncultured_fungus__                              0.8974418 1.2837259 0.0590166 0.0813859 0.0587569 0.0844187 0.0000000 0.0431792 0.1678765 0.1652723 0.6620424 0.4850968 0.4365218 0.4370389 0.4110402 0.5223687 0.5800624 0.5235007 0.5167869 0.4649957 0.7236143 0.4900010 0.4900010 0.4932989 0.4900010 0.3744342 0.3868621 0.3632090 0.3632090 0.4330305 0.4242516 0.4564184 0.4220321 0.4091291 0.3969349 0.3497162 0.3810870 0.3635420 0.3635420 0.3635420 0.3635420 0.3661360 0.3635420 0.3635420 0.3635420 0.3635420 0.3746807 0.4463412 0.3843677 0.3800746 0.3938562 0.5014190 0.3857116 0.3599676 0.3545842 0.3568494 0.3568494 0.3568494 0.3698956 0.3730664 0.3730664 0.3730664 0.3730664 0.3465310 
uncfun5|uncultured_fungus__                              2.3089600 4.5795883 0.1825540 0.1666861 0.1127328 0.1674206 0.0431792 0.0000000 0.2058664 0.1742788 0.9216637 0.7716987 0.6402654 0.7303589 0.5558128 0.7629551 0.9312747 0.7368768 0.7819311 0.5589395 0.6206655 0.6330728 0.6330728 0.6330728 0.6330728 0.5203924 0.5177407 0.5203924 0.5203924 0.4344244 0.4172178 0.5778232 0.5217380 0.4474301 0.4474301 0.4239939 0.3966931 0.4136720 0.4136720 0.4136720 0.4136720 0.4136720 0.4136720 0.4136720 0.4136720 0.4136720 0.4136720 0.4464014 0.5064797 0.5831276 0.5227649 0.5227649 0.4742103 0.4051684 0.3741140 0.4488631 0.4488631 0.4488631 0.4132635 0.4205419 0.4205419 0.4205419 0.4205419 0.3726441 
KnuspDTO305D4|Knufia_sp._DTO305-D4                       0.6991510 1.0996645 0.2060494 0.2328628 0.2025585 0.1847199 0.1678765 0.2058664 0.0000000 0.1158414 0.5424113 0.4885883 0.4381079 0.4425964 0.3480510 0.3661847 0.3563603 0.3453899 0.3916554 0.4146849 0.5931948 0.4221271 0.4221271 0.4936894 0.4673242 0.3050720 0.3458634 0.2860669 0.3050720 0.3478278 0.3280144 0.3382882 0.3723730 0.2952713 0.2989041 0.3001336 0.3376657 0.3035234 0.3035234 0.3035234 0.3035234 0.3054014 0.3321458 0.3035234 0.3321458 0.3321458 0.3321458 0.4021038 0.4003066 0.3157096 0.3304886 0.4320636 0.3348545 0.2728295 0.2888646 0.3181890 0.3181890 0.3181890 0.3044170 0.2944660 0.2944660 0.3221681 0.3221681 0.2907013 
NeocatUAMH4357|Neophaeococcomyces_catenatus_UAMH_4357    1.0117299 1.2652099 0.2263807 0.2403617 0.2133100 0.2306667 0.1652723 0.1742788 0.1158414 0.0000000 0.5927949 0.5559928 0.4870029 0.4769815 0.3870300 0.4588090 0.4677300 0.5052359 0.5293147 0.4190143 0.6096396 0.4438064 0.4438064 0.4755123 0.4670531 0.3136936 0.3674721 0.2993783 0.3136936 0.3923470 0.3541294 0.3494863 0.4359913 0.3615668 0.3502813 0.2865217 0.3619066 0.3399262 0.3399262 0.3399262 0.3399262 0.3422246 0.3558537 0.3399262 0.3558537 0.3558537 0.3558537 0.4435977 0.3972551 0.3793529 0.3721649 0.4520925 0.4023290 0.3009176 0.3338302 0.3459482 0.3459482 0.3459482 0.3383818 0.3383818 0.3383818 0.3545822 0.3545822 0.3073727 
ExoderCBS20735|Exophiala_dermatitidis_CBS_207.35         0.7193671 0.9975254 0.5937569 0.8787805 0.7019478 0.6076345 0.6620424 0.9216637 0.5424113 0.5927949 0.0000000 0.5362796 0.5011711 0.4327122 0.4980587 0.5538245 0.4682292 0.4602820 0.4538988 0.5835942 0.6517118 0.4593327 0.4593327 0.5186859 0.5020876 0.4130759 0.4780049 0.3726057 0.4001148 0.3722965 0.3641646 0.4428263 0.4145211 0.4183340 0.4208573 0.4706835 0.5024496 0.4514145 0.4514145 0.4514145 0.4514145 0.4549740 0.4928059 0.4514145 0.4928059 0.4928059 0.4928059 0.5688211 0.5533942 0.5050932 0.4639313 0.6311623 0.4549653 0.4331603 0.4412421 0.4342068 0.4342068 0.4342068 0.4410839 0.4410839 0.4410839 0.4816031 0.4816031 0.4466922 
LitgutM1|Lithohypha_guttulata_M1                         0.8835091 1.1877911 0.4477101 0.4453534 0.4993305 0.4720229 0.4850968 0.7716987 0.4885883 0.5559928 0.5362796 0.0000000 0.0498615 0.0760195 0.2736961 0.5387283 0.4335629 0.5263739 0.4444549 0.5427202 0.3581613 0.4841257 0.4841257 0.3884191 0.4841257 0.3165557 0.3380956 0.3058258 0.3058258 0.3614267 0.3564599 0.4156826 0.3575854 0.3571981 0.3461003 0.3417896 0.3598342 0.3686485 0.3686485 0.3686485 0.3686485 0.3713811 0.3686485 0.3686485 0.3686485 0.3686485 0.3686485 0.4040997 0.3865570 0.3164306 0.3200424 0.3153757 0.3458619 0.3325734 0.3273386 0.3344875 0.3344875 0.3344875 0.2928534 0.2928534 0.2928534 0.2928534 0.2928534 0.2573766 
LitaloCPC35996|Lithohypha_aloicola_CPC_35996             0.8182183 1.1109072 0.4149251 0.4389760 0.4498322 0.4414532 0.4365218 0.6402654 0.4381079 0.4870029 0.5011711 0.0498615 0.0000000 0.0501279 0.2739653 0.4642018 0.3963739 0.4535164 0.3708739 0.5236717 0.3535781 0.4517045 0.4517045 0.4402398 0.4559911 0.2844388 0.3088202 0.2722303 0.2743804 0.2906526 0.2845392 0.3625493 0.3876197 0.3220521 0.3117034 0.3072247 0.3351889 0.3516722 0.3516722 0.3516722 0.3516722 0.3541435 0.3546642 0.3516722 0.3546642 0.3546642 0.3437099 0.4046851 0.3830713 0.2915450 0.2954038 0.3252015 0.3114701 0.3099706 0.2771525 0.2914165 0.2914165 0.2914165 0.2507769 0.2507769 0.2507769 0.2527069 0.2527069 0.2576033 
LitspCCFEE6069|Lithohypha_sp._CCFEE_6069                 0.8165345 1.2636012 0.4154440 0.4723050 0.4503399 0.4831069 0.4370389 0.7303589 0.4425964 0.4769815 0.4327122 0.0760195 0.0501279 0.0000000 0.2774306 0.4692755 0.3992188 0.4582568 0.3820371 0.5225497 0.3794051 0.4142047 0.4142047 0.3913213 0.4142047 0.3121539 0.3353287 0.3015832 0.3015832 0.2917574 0.3170770 0.3949778 0.3556232 0.3544947 0.3432216 0.3334219 0.3254481 0.3449063 0.3449063 0.3449063 0.3449063 0.3473452 0.3449063 0.3449063 0.3449063 0.3449063 0.3340005 0.4171305 0.4192155 0.3095853 0.3132504 0.3487966 0.3274976 0.2764480 0.3127106 0.3064332 0.3064332 0.3064332 0.2949704 0.2949704 0.2949704 0.2949704 0.2949704 0.2788018 
KnuspFH2012|Knufia_sp._FH-2012                           0.7675417 0.9438039 0.4352604 0.5438166 0.5116334 0.4747735 0.4110402 0.5558128 0.3480510 0.3870300 0.4980587 0.2736961 0.2739653 0.2774306 0.0000000 0.2295989 0.2694934 0.2629843 0.2590120 0.4177602 0.3549150 0.2889480 0.2889480 0.2889480 0.2889480 0.2190356 0.2239129 0.2190356 0.2190356 0.2119355 0.2133152 0.2258266 0.2779851 0.2591434 0.2482061 0.2385795 0.2710834 0.2448180 0.2448180 0.2448180 0.2448180 0.2448180 0.2448180 0.2448180 0.2448180 0.2448180 0.2448180 0.2902315 0.2250412 0.2511721 0.2530729 0.2847646 0.2710552 0.2340455 0.2087339 0.2314259 0.2314259 0.2314259 0.2477144 0.2477144 0.2477144 0.2477144 0.2477144 0.2109419 
ArtfulCBS136243|Arthrocladium_fulminans_CBS_136243       0.9389455 0.7813551 0.5377132 0.7249787 0.6151820 0.5905359 0.5223687 0.7629551 0.3661847 0.4588090 0.5538245 0.5387283 0.4642018 0.4692755 0.2295989 0.0000000 0.0734535 0.0824747 0.0738296 0.3927058 0.3288711 0.3015265 0.3015265 0.3275877 0.3306555 0.2618808 0.2490539 0.2384259 0.2524784 0.2282649 0.2471981 0.2329098 0.2750131 0.2337250 0.2286788 0.2494436 0.2912333 0.2619205 0.2619205 0.2619205 0.2619205 0.2634125 0.2773618 0.2619205 0.2773618 0.2773618 0.2679099 0.3162011 0.2929900 0.2764345 0.2609230 0.3060227 0.2622366 0.2528499 0.2635408 0.2350551 0.2350551 0.2350551 0.2655860 0.2655860 0.2655860 0.2814997 0.2814997 0.2361537 
ArtcauCBS45767|Arthrocladium_caudatum_CBS_457.67         0.8395777 0.7659360 0.4911185 0.6380098 0.6147479 0.5261548 0.5800624 0.9312747 0.3563603 0.4677300 0.4682292 0.4335629 0.3963739 0.3992188 0.2694934 0.0734535 0.0000000 0.0885008 0.0673821 0.3538745 0.3728598 0.2586672 0.2586672 0.2755257 0.2830334 0.2058666 0.2496873 0.1870986 0.1973935 0.2403135 0.2413202 0.2625648 0.2170998 0.2002269 0.1951182 0.2376319 0.2508382 0.2260100 0.2260100 0.2260100 0.2260100 0.2271939 0.2385939 0.2260100 0.2385939 0.2385939 0.2298774 0.2847191 0.2891696 0.2465493 0.2057753 0.2280644 0.2223223 0.1992625 0.2333484 0.2139207 0.2139207 0.2139207 0.2368826 0.2368826 0.2368826 0.2502910 0.2502910 0.2266311 
ArttarCBS127021|Arthrocladium_tardum_CBS_127021          0.8595384 0.6334940 0.5069509 0.6703455 0.5803075 0.5433209 0.5235007 0.7368768 0.3453899 0.5052359 0.4602820 0.5263739 0.4535164 0.4582568 0.2629843 0.0824747 0.0885008 0.0000000 0.0405446 0.3388057 0.2785744 0.2283368 0.2283368 0.2402055 0.2508681 0.2098636 0.2166201 0.1905770 0.2012328 0.1698804 0.1724993 0.1953090 0.2116981 0.1867665 0.1815168 0.2114304 0.2291182 0.2056752 0.2056752 0.2056752 0.2056752 0.2067423 0.2172260 0.2056752 0.2172260 0.2172260 0.2085526 0.2540682 0.2601966 0.2428955 0.2117898 0.2370642 0.1941434 0.1842961 0.1917690 0.1875850 0.1875850 0.1875850 0.1981419 0.1981419 0.1981419 0.2092851 0.2092851 0.1783383 
ArttroCBS134926|Arthrocladium_tropicale_CBS_134926       0.8564045 0.6933683 0.4858639 0.6412162 0.5743987 0.5225552 0.5167869 0.7819311 0.3916554 0.5293147 0.4538988 0.4444549 0.3708739 0.3820371 0.2590120 0.0738296 0.0673821 0.0405446 0.0000000 0.3554395 0.2347333 0.2667157 0.2667157 0.2679046 0.2764089 0.2215293 0.2321634 0.2126719 0.2126719 0.1736726 0.2034868 0.2263539 0.1987678 0.2081410 0.1995683 0.2195378 0.2506702 0.2380345 0.2380345 0.2380345 0.2380345 0.2394038 0.2380345 0.2380345 0.2380345 0.2380345 0.2290455 0.2796858 0.2929282 0.2473598 0.2111021 0.2295506 0.1966258 0.2137284 0.2226723 0.2069666 0.2069666 0.2069666 0.2120902 0.2120902 0.2120902 0.2120902 0.2120902 0.1924913 
KnuvatCBS139722|Knufia_vaticanii_CBS_139722              0.8266230 1.1542131 0.4307726 0.5393073 0.5336537 0.5033072 0.4649957 0.5589395 0.4146849 0.4190143 0.5835942 0.5427202 0.5236717 0.5225497 0.4177602 0.3927058 0.3538745 0.3388057 0.3554395 0.0000000 0.3381837 0.3282357 0.3282357 0.3032552 0.3380545 0.2126371 0.2073858 0.2044721 0.2044721 0.2289701 0.2326253 0.1856320 0.1819920 0.2066600 0.1984484 0.2480107 0.1758765 0.1666298 0.1666298 0.1666298 0.1666298 0.1673838 0.1666298 0.1666298 0.1666298 0.1666298 0.1594277 0.2062828 0.1724561 0.1607568 0.1600864 0.1511426 0.1724169 0.1819232 0.2198283 0.1522356 0.1522356 0.1522356 0.1841032 0.1852168 0.1852168 0.1852168 0.1852168 0.1662469 
KnuspCBMAI2122|Knufia_sp._CBMAI2122                      1.0088154 1.1288033 0.6030232 0.6221334 0.7544976 0.7295214 0.7236143 0.6206655 0.5931948 0.6096396 0.6517118 0.3581613 0.3535781 0.3794051 0.3549150 0.3288711 0.3728598 0.2785744 0.2347333 0.3381837 0.0000000 0.2316908 0.2316908 0.2426038 0.2426038 0.2157459 0.1951590 0.2053934 0.2053934 0.1411477 0.1513372 0.2543609 0.1922404 0.1568216 0.1476064 0.2031956 0.2032365 0.1914501 0.1914501 0.1914501 0.1914501 0.1914501 0.1914501 0.1914501 0.1914501 0.1914501 0.1914501 0.2287563 0.2016157 0.2351592 0.2167403 0.2167403 0.1916822 0.2140247 0.2078278 0.2016167 0.2016167 0.2016167 0.2196627 0.2196627 0.2196627 0.2196627 0.2196627 0.1537138 
KnumedCCFEE5768|Knufia_mediterranea_CCFEE5768            0.8767773 0.7139613 0.4694096 0.5387036 0.5282446 0.4978757 0.4900010 0.6330728 0.4221271 0.4438064 0.4593327 0.4841257 0.4517045 0.4142047 0.2889480 0.3015265 0.2586672 0.2283368 0.2667157 0.3282357 0.2316908 0.0000000 0.0089914 0.0055002 0.0048197 0.1847437 0.1945988 0.1683230 0.1769546 0.1586737 0.1743137 0.1693923 0.1560587 0.1946203 0.1939210 0.1947142 0.1826592 0.1544696 0.1544696 0.1544696 0.1544696 0.2156005 0.1653739 0.1530636 0.1653739 0.1653739 0.1653739 0.1907935 0.1719184 0.1741381 0.1508914 0.1352747 0.1460210 0.1893792 0.1755496 0.1404539 0.1404539 0.1404539 0.1411777 0.1562721 0.1495310 0.1504683 0.1504683 0.1223545 
KnumedCBS139721|Knufia_mediterranea_CBS_139721           0.8767773 0.7139613 0.4694096 0.5387036 0.5282446 0.4978757 0.4900010 0.6330728 0.4221271 0.4438064 0.4593327 0.4841257 0.4517045 0.4142047 0.2889480 0.3015265 0.2586672 0.2283368 0.2667157 0.3282357 0.2316908 0.0089914 0.0000000 0.0055002 0.0048197 0.1847437 0.1945988 0.1683230 0.1769546 0.1586737 0.1743137 0.1693923 0.1560587 0.1946203 0.1939210 0.1947142 0.1826592 0.1631071 0.1631071 0.1631071 0.1631071 0.1979013 0.1653739 0.1530636 0.1653739 0.1653739 0.1653739 0.1907935 0.1719184 0.1741381 0.1508914 0.1352747 0.1460210 0.1893792 0.1755496 0.1404539 0.1404539 0.1404539 0.1495310 0.1410889 0.1345606 0.1504683 0.1504683 0.1223545 
KnumedCCFEE6205|Knufia_mediterranea_CCFEE_6205           0.8476837 0.7469557 0.4701378 0.5387036 0.5365748 0.5133836 0.4932989 0.6330728 0.4936894 0.4755123 0.5186859 0.3884191 0.4402398 0.3913213 0.2889480 0.3275877 0.2755257 0.2402055 0.2679046 0.3032552 0.2426038 0.0055002 0.0055002 0.0000000 0.0000010 0.1828733 0.1975643 0.1742064 0.1742064 0.1396244 0.1676607 0.1676651 0.1416374 0.1953631 0.1863847 0.2022521 0.1593676 0.1414147 0.1414147 0.1414147 0.1414147 0.1414147 0.1414147 0.1414147 0.1414147 0.1414147 0.1414147 0.1925497 0.1435578 0.1703316 0.1496428 0.1441648 0.1323289 0.1785300 0.1646925 0.1345079 0.1345079 0.1345079 0.1462239 0.1462239 0.1462239 0.1462239 0.1462239 0.1303676 
KnumedCCFEE6211|Knufia_mediterranea_CCFEE_6211           0.8899457 0.7939468 0.4694096 0.5387036 0.5282446 0.4978757 0.4900010 0.6330728 0.4673242 0.4670531 0.5020876 0.4841257 0.4559911 0.4142047 0.2889480 0.3306555 0.2830334 0.2508681 0.2764089 0.3380545 0.2426038 0.0048197 0.0048197 0.0000010 0.0000000 0.1926041 0.2138750 0.1847437 0.1847437 0.1665350 0.1937376 0.1870955 0.1634311 0.2183127 0.2098603 0.2075489 0.1904383 0.1729039 0.1729039 0.1729039 0.1729039 0.1737235 0.1729039 0.1729039 0.1729039 0.1729039 0.1729039 0.1996474 0.1794718 0.1881245 0.1613862 0.1441648 0.1531697 0.2053623 0.1836119 0.1476340 0.1476340 0.1476340 0.1578665 0.1578665 0.1578665 0.1578665 0.1578665 0.1303676 
KnuepiCCFEE5813|Knufia_epidermidis_CCFEE_5813            0.7360319 0.7633619 0.3542718 0.4050195 0.4337431 0.3667961 0.3744342 0.5203924 0.3050720 0.3136936 0.4130759 0.3165557 0.2844388 0.3121539 0.2190356 0.2618808 0.2058666 0.2098636 0.2215293 0.2126371 0.2157459 0.1847437 0.1847437 0.1828733 0.1926041 0.0000000 0.0468361 0.0051915 0.0051915 0.1619837 0.1460145 0.1653867 0.1185057 0.1228096 0.1157012 0.0942298 0.1345909 0.1261469 0.1261469 0.1261469 0.1261469 0.1266907 0.1261469 0.1261469 0.1261469 0.1261469 0.1192137 0.1381888 0.1476306 0.1268684 0.1185718 0.1101821 0.1229507 0.1178201 0.1249451 0.1030486 0.1030486 0.1030486 0.1107892 0.1113963 0.1113963 0.1113963 0.1113963 0.0875702 
ConspCBS123466|Coniosporium_sp._CBS_123466               0.6620851 0.7332263 0.3788284 0.4444887 0.4500270 0.4716645 0.3868621 0.5177407 0.3458634 0.3674721 0.4780049 0.3380956 0.3088202 0.3353287 0.2239129 0.2490539 0.2496873 0.2166201 0.2321634 0.2073858 0.1951590 0.1945988 0.1945988 0.1975643 0.2138750 0.0468361 0.0000000 0.0448372 0.0468361 0.1489148 0.1480639 0.1434380 0.1278164 0.1176132 0.1122926 0.1386171 0.1601023 0.1437634 0.1437634 0.1437634 0.1437634 0.1443873 0.1508822 0.1437634 0.1508822 0.1508822 0.1435599 0.1293040 0.1477392 0.1272936 0.1265991 0.1016291 0.1192254 0.1140848 0.1148475 0.0993148 0.0993148 0.0993148 0.1150807 0.1157034 0.1157034 0.1213053 0.1213053 0.0667351 
KnuepiCBS120353|Knufia_epidermidis_CBS_120353            0.7263224 0.7080080 0.3432132 0.3892953 0.4214531 0.3552971 0.3632090 0.5203924 0.2860669 0.2993783 0.3726057 0.3058258 0.2722303 0.3015832 0.2190356 0.2384259 0.1870986 0.1905770 0.2126719 0.2044721 0.2053934 0.1683230 0.1683230 0.1742064 0.1847437 0.0051915 0.0448372 0.0000000 0.0000010 0.1544033 0.1320353 0.1504583 0.1116812 0.1103150 0.1049850 0.0856692 0.1275015 0.1138065 0.1138065 0.1138065 0.1138065 0.1142671 0.1192137 0.1138065 0.1192137 0.1192137 0.1123448 0.1301101 0.1404843 0.1158864 0.1094595 0.1016291 0.1162096 0.1068275 0.1177111 0.0964789 0.0964789 0.0964789 0.0994647 0.0999797 0.0999797 0.1046513 0.1046513 0.0803511 
KnuepiCCFEE5814|Knufia_epidermidis_CCFEE_5814            0.7360319 0.7633619 0.3432132 0.3892953 0.4214531 0.3552971 0.3632090 0.5203924 0.3050720 0.3136936 0.4001148 0.3058258 0.2743804 0.3015832 0.2190356 0.2524784 0.1973935 0.2012328 0.2126719 0.2044721 0.2053934 0.1769546 0.1769546 0.1742064 0.1847437 0.0051915 0.0468361 0.0000010 0.0000000 0.1544033 0.1386268 0.1579345 0.1116812 0.1157012 0.1086627 0.0874680 0.1275015 0.1192137 0.1192137 0.1192137 0.1192137 0.1197219 0.1192137 0.1192137 0.1192137 0.1192137 0.1123448 0.1301101 0.1404843 0.1198824 0.1117360 0.1016291 0.1162096 0.1106391 0.1177111 0.0964789 0.0964789 0.0964789 0.1040859 0.1046513 0.1046513 0.1046513 0.1046513 0.0803511 
KnuspSD2017|Knufia_sp._SD-2017                           0.8423568 0.7507970 0.4641387 0.5428251 0.4871231 0.4701609 0.4330305 0.4344244 0.3478278 0.3923470 0.3722965 0.3614267 0.2906526 0.2917574 0.2119355 0.2282649 0.2403135 0.1698804 0.1736726 0.2289701 0.1411477 0.1586737 0.1586737 0.1396244 0.1665350 0.1619837 0.1489148 0.1544033 0.1544033 0.0000000 0.0268957 0.1180919 0.1350937 0.0935077 0.0872275 0.1337384 0.1336565 0.1252839 0.1252839 0.1252839 0.1252839 0.1258198 0.1252839 0.1252839 0.1252839 0.1252839 0.1184000 0.1173821 0.1275266 0.1445864 0.1192526 0.1272964 0.1118592 0.1209587 0.0916166 0.0835511 0.0835511 0.0835511 0.0995335 0.0995335 0.0995335 0.0995335 0.0995335 0.0640477 
CappelUAMH11090|Capronia_peltigerae_UAMH_11090           0.8298684 0.6978660 0.4374933 0.5039722 0.4595449 0.4796356 0.4242516 0.4172178 0.3280144 0.3541294 0.3641646 0.3564599 0.2845392 0.3170770 0.2133152 0.2471981 0.2413202 0.1724993 0.2034868 0.2326253 0.1513372 0.1743137 0.1743137 0.1676607 0.1937376 0.1460145 0.1480639 0.1320353 0.1386268 0.0268957 0.0000000 0.1138889 0.1369776 0.0773390 0.0728309 0.1109559 0.1362887 0.1208067 0.1208067 0.1208067 0.1208067 0.1213031 0.1276973 0.1208067 0.1276973 0.1276973 0.1206601 0.1198765 0.1203399 0.1487429 0.1252328 0.1183534 0.1133426 0.1115115 0.0784420 0.0850413 0.0850413 0.0850413 0.0881967 0.0881967 0.0881967 0.0930863 0.0930863 0.0643120 
KnuspCF285360|Knufia_sp._CF285360                        0.6559238 0.7032871 0.4243542 0.5121120 0.4400431 0.4324081 0.4564184 0.5778232 0.3382882 0.3494863 0.4428263 0.4156826 0.3625493 0.3949778 0.2258266 0.2329098 0.2625648 0.1953090 0.2263539 0.1856320 0.2543609 0.1693923 0.1693923 0.1676651 0.1870955 0.1653867 0.1434380 0.1504583 0.1579345 0.1180919 0.1138889 0.0000000 0.0930763 0.1268796 0.1227871 0.1343639 0.0784721 0.0685107 0.0685107 0.0685107 0.0685107 0.0687436 0.0718744 0.0685107 0.0718744 0.0718744 0.0660232 0.0975965 0.0793194 0.0893836 0.0768198 0.1021030 0.0725256 0.1008735 0.1056063 0.0546920 0.0546920 0.0546920 0.0697755 0.0697755 0.0697755 0.0732737 0.0732737 0.0718991 
KnuvalCBS146989|Knufia_walvisbayicola_CBS_146989         0.7764510 0.7954641 0.3778438 0.4569429 0.4601552 0.4321270 0.4220321 0.5217380 0.3723730 0.4359913 0.4145211 0.3575854 0.3876197 0.3556232 0.2779851 0.2750131 0.2170998 0.2116981 0.1987678 0.1819920 0.1922404 0.1560587 0.1560587 0.1416374 0.1634311 0.1185057 0.1278164 0.1116812 0.1116812 0.1350937 0.1369776 0.0930763 0.0000000 0.1221192 0.1150481 0.1057807 0.0682151 0.0616686 0.0616686 0.0616686 0.0616686 0.0618903 0.0616686 0.0616686 0.0616686 0.0616686 0.0557813 0.0843978 0.0996282 0.0870771 0.0672297 0.0722640 0.0480401 0.0802422 0.1081358 0.0552515 0.0552515 0.0552515 0.0617033 0.0620025 0.0620025 0.0620025 0.0620025 0.0663000 
KnuspF1A|Knufia_sp._F1A                                  0.7194675 0.6979898 0.3702293 0.4651871 0.4435474 0.4370142 0.4091291 0.4474301 0.2952713 0.3615668 0.4183340 0.3571981 0.3220521 0.3544947 0.2591434 0.2337250 0.2002269 0.1867665 0.2081410 0.2066600 0.1568216 0.1946203 0.1946203 0.1953631 0.2183127 0.1228096 0.1176132 0.1103150 0.1157012 0.0935077 0.0773390 0.1268796 0.1221192 0.0000000 0.0050491 0.1133469 0.1138306 0.0992088 0.0992088 0.0992088 0.0992088 0.0995948 0.1058106 0.0992088 0.1058106 0.1058106 0.0990424 0.1042824 0.1204705 0.1338584 0.1111090 0.1107100 0.0925753 0.1130472 0.1167159 0.0714615 0.0714615 0.0714615 0.0870442 0.0870442 0.0870442 0.0927928 0.0927928 0.0516706 
KnutsuFMR10621|Knufia_tsunedae_FMR_10621                 0.6984599 0.6979898 0.3586064 0.4477070 0.4307037 0.4246220 0.3969349 0.4474301 0.2989041 0.3502813 0.4208573 0.3461003 0.3117034 0.3432216 0.2482061 0.2286788 0.1951182 0.1815168 0.1995683 0.1984484 0.1476064 0.1939210 0.1939210 0.1863847 0.2098603 0.1157012 0.1122926 0.1049850 0.1086627 0.0872275 0.0728309 0.1227871 0.1150481 0.0050491 0.0000000 0.1064612 0.1069102 0.0957900 0.0957900 0.0957900 0.0957900 0.0961719 0.0990424 0.0957900 0.0990424 0.0990424 0.0923407 0.0967158 0.1135071 0.1267888 0.1043694 0.1020995 0.0859239 0.1061659 0.1096142 0.0651433 0.0651433 0.0651433 0.0833083 0.0833083 0.0833083 0.0861241 0.0861241 0.0449385 
KnusepCGMCC317337|Knufia_separata_CGMCC3.17337           0.7384265 0.5974948 0.3704293 0.4291553 0.3958440 0.4092378 0.3497162 0.4239939 0.3001336 0.2865217 0.4706835 0.3417896 0.3072247 0.3334219 0.2385795 0.2494436 0.2376319 0.2114304 0.2195378 0.2480107 0.2031956 0.1947142 0.1947142 0.2022521 0.2075489 0.0942298 0.1386171 0.0856692 0.0874680 0.1337384 0.1109559 0.1343639 0.1057807 0.1133469 0.1064612 0.0000000 0.1032272 0.0951031 0.0951031 0.0951031 0.0951031 0.0954785 0.0970392 0.0951031 0.0970392 0.0970392 0.0970392 0.1156825 0.1502217 0.1249631 0.1088397 0.1080502 0.0907209 0.1057470 0.0932744 0.0763552 0.0763552 0.0763552 0.0701670 0.0701670 0.0701670 0.0715791 0.0715791 0.0506850 
KnuspNWHC45700969|Knufia_sp._NWHC45700-969               0.6842728 0.7265202 0.3498878 0.4148799 0.4291658 0.4038841 0.3810870 0.3966931 0.3376657 0.3619066 0.5024496 0.3598342 0.3351889 0.3254481 0.2710834 0.2912333 0.2508382 0.2291182 0.2506702 0.1758765 0.2032365 0.1826592 0.1826592 0.1593676 0.1904383 0.1345909 0.1601023 0.1275015 0.1275015 0.1336565 0.1362887 0.0784721 0.0682151 0.1138306 0.1069102 0.1032272 0.0000000 0.0154229 0.0154229 0.0154229 0.0154229 0.0154713 0.0154229 0.0154229 0.0154229 0.0154229 0.0102316 0.0758483 0.0741660 0.0615541 0.0490524 0.0479568 0.0549248 0.0790885 0.1145556 0.0489473 0.0489473 0.0489473 0.0616438 0.0616438 0.0616438 0.0616438 0.0616438 0.0576790 
KnumarCCFEE5923|Knufia_marmoricola_CCFEE_5923            0.6675949 0.6485176 0.3332185 0.4053329 0.4096521 0.3970217 0.3635420 0.4136720 0.3035234 0.3399262 0.4514145 0.3686485 0.3516722 0.3449063 0.2448180 0.2619205 0.2260100 0.2056752 0.2380345 0.1666298 0.1914501 0.1544696 0.1631071 0.1414147 0.1729039 0.1261469 0.1437634 0.1138065 0.1192137 0.1252839 0.1208067 0.0685107 0.0616686 0.0992088 0.0957900 0.0951031 0.0154229 0.0000000 0.0000010 0.0000010 0.0000010 0.0345882 0.0000010 0.0000010 0.0000010 0.0000010 0.0050538 0.0618815 0.0675104 0.0537631 0.0422613 0.0334899 0.0375649 0.0696096 0.1064862 0.0429374 0.0429374 0.0429374 0.0501809 0.0671836 0.0617328 0.0554725 0.0554725 0.0439079 
KnumarCCFEE5721|Knufia_marmoricola_CCFEE_5721            0.6675949 0.6485176 0.3332185 0.4053329 0.4096521 0.3970217 0.3635420 0.4136720 0.3035234 0.3399262 0.4514145 0.3686485 0.3516722 0.3449063 0.2448180 0.2619205 0.2260100 0.2056752 0.2380345 0.1666298 0.1914501 0.1544696 0.1631071 0.1414147 0.1729039 0.1261469 0.1437634 0.1138065 0.1192137 0.1252839 0.1208067 0.0685107 0.0616686 0.0992088 0.0957900 0.0951031 0.0154229 0.0000010 0.0000000 0.0000010 0.0000010 0.0345882 0.0000010 0.0000010 0.0000010 0.0000010 0.0050538 0.0618815 0.0675104 0.0537631 0.0422613 0.0334899 0.0375649 0.0696096 0.1064862 0.0429374 0.0429374 0.0429374 0.0501809 0.0671836 0.0617328 0.0554725 0.0554725 0.0439079 
KnumarCCFEE5725|Knufia_marmoricola_CCFEE_5725            0.6675949 0.6485176 0.3332185 0.4053329 0.4096521 0.3970217 0.3635420 0.4136720 0.3035234 0.3399262 0.4514145 0.3686485 0.3516722 0.3449063 0.2448180 0.2619205 0.2260100 0.2056752 0.2380345 0.1666298 0.1914501 0.1544696 0.1631071 0.1414147 0.1729039 0.1261469 0.1437634 0.1138065 0.1192137 0.1252839 0.1208067 0.0685107 0.0616686 0.0992088 0.0957900 0.0951031 0.0154229 0.0000010 0.0000010 0.0000000 0.0000010 0.0345882 0.0000010 0.0000010 0.0000010 0.0000010 0.0050538 0.0618815 0.0675104 0.0537631 0.0422613 0.0334899 0.0375649 0.0696096 0.1064862 0.0429374 0.0429374 0.0429374 0.0501809 0.0671836 0.0617328 0.0554725 0.0554725 0.0439079 
KnumarCBS139726|Knufia_marmoricola_CBS_139726            0.6675949 0.6485176 0.3332185 0.4053329 0.4096521 0.3970217 0.3635420 0.4136720 0.3035234 0.3399262 0.4514145 0.3686485 0.3516722 0.3449063 0.2448180 0.2619205 0.2260100 0.2056752 0.2380345 0.1666298 0.1914501 0.1544696 0.1631071 0.1414147 0.1729039 0.1261469 0.1437634 0.1138065 0.1192137 0.1252839 0.1208067 0.0685107 0.0616686 0.0992088 0.0957900 0.0951031 0.0154229 0.0000010 0.0000010 0.0000010 0.0000000 0.0345882 0.0000010 0.0000010 0.0000010 0.0000010 0.0050538 0.0618815 0.0675104 0.0537631 0.0422613 0.0334899 0.0375649 0.0696096 0.1064862 0.0429374 0.0429374 0.0429374 0.0501809 0.0671836 0.0617328 0.0554725 0.0554725 0.0439079 
KnumarCCFEE5902|Knufia_marmoricola_CCFEE_5902            0.6753775 0.6561736 0.3355371 0.4053329 0.4127811 0.3999500 0.3661360 0.4136720 0.3054014 0.3422246 0.4549740 0.3713811 0.3541435 0.3473452 0.2448180 0.2634125 0.2271939 0.2067423 0.2394038 0.1673838 0.1914501 0.2156005 0.1979013 0.1414147 0.1737235 0.1266907 0.1443873 0.1142671 0.1197219 0.1258198 0.1213031 0.0687436 0.0618903 0.0995948 0.0961719 0.0954785 0.0154713 0.0345882 0.0345882 0.0345882 0.0345882 0.0000000 0.0000010 0.0095673 0.0000010 0.0000010 0.0050692 0.0618815 0.0677554 0.0539459 0.0424016 0.0334899 0.0376909 0.0698705 0.1069342 0.0430823 0.0430823 0.0430823 0.0924196 0.0805307 0.0863044 0.0556687 0.0556687 0.0439079 
KnumarCCFEE6201|Knufia_marmoricola_CCFEE_6201            0.6762644 0.6954303 0.3332185 0.4053329 0.4096521 0.3970217 0.3635420 0.4136720 0.3321458 0.3558537 0.4928059 0.3686485 0.3546642 0.3449063 0.2448180 0.2773618 0.2385939 0.2172260 0.2380345 0.1666298 0.1914501 0.1653739 0.1653739 0.1414147 0.1729039 0.1261469 0.1508822 0.1192137 0.1192137 0.1252839 0.1276973 0.0718744 0.0616686 0.1058106 0.0990424 0.0970392 0.0154229 0.0000010 0.0000010 0.0000010 0.0000010 0.0000010 0.0000000 0.0000010 0.0000010 0.0000010 0.0050538 0.0618815 0.0675104 0.0553976 0.0430303 0.0334899 0.0375649 0.0719027 0.1064862 0.0429374 0.0429374 0.0429374 0.0554725 0.0554725 0.0554725 0.0554725 0.0554725 0.0439079 
KnumarCCFEE5716|Knufia_marmoricola_CCFEE_5716            0.6675949 0.6485176 0.3332185 0.4053329 0.4096521 0.3970217 0.3635420 0.4136720 0.3035234 0.3399262 0.4514145 0.3686485 0.3516722 0.3449063 0.2448180 0.2619205 0.2260100 0.2056752 0.2380345 0.1666298 0.1914501 0.1530636 0.1530636 0.1414147 0.1729039 0.1261469 0.1437634 0.1138065 0.1192137 0.1252839 0.1208067 0.0685107 0.0616686 0.0992088 0.0957900 0.0951031 0.0154229 0.0000010 0.0000010 0.0000010 0.0000010 0.0095673 0.0000010 0.0000000 0.0000010 0.0000010 0.0050538 0.0618815 0.0675104 0.0537631 0.0422613 0.0334899 0.0375649 0.0696096 0.1064862 0.0429374 0.0429374 0.0429374 0.0520514 0.0520514 0.0520514 0.0554725 0.0554725 0.0439079 
KnumarCCFEE5886|Knufia_marmoricola_CCFEE_5886            0.6762644 0.6954303 0.3332185 0.4053329 0.4096521 0.3970217 0.3635420 0.4136720 0.3321458 0.3558537 0.4928059 0.3686485 0.3546642 0.3449063 0.2448180 0.2773618 0.2385939 0.2172260 0.2380345 0.1666298 0.1914501 0.1653739 0.1653739 0.1414147 0.1729039 0.1261469 0.1508822 0.1192137 0.1192137 0.1252839 0.1276973 0.0718744 0.0616686 0.1058106 0.0990424 0.0970392 0.0154229 0.0000010 0.0000010 0.0000010 0.0000010 0.0000010 0.0000010 0.0000010 0.0000000 0.0000010 0.0050538 0.0618815 0.0675104 0.0553976 0.0430303 0.0334899 0.0375649 0.0719027 0.1064862 0.0429374 0.0429374 0.0429374 0.0554725 0.0554725 0.0554725 0.0554725 0.0554725 0.0439079 
KnumarCCFEE5892|Knufia_marmoricola_CCFEE_5892            0.6762644 0.6954303 0.3332185 0.4053329 0.4096521 0.3970217 0.3635420 0.4136720 0.3321458 0.3558537 0.4928059 0.3686485 0.3546642 0.3449063 0.2448180 0.2773618 0.2385939 0.2172260 0.2380345 0.1666298 0.1914501 0.1653739 0.1653739 0.1414147 0.1729039 0.1261469 0.1508822 0.1192137 0.1192137 0.1252839 0.1276973 0.0718744 0.0616686 0.1058106 0.0990424 0.0970392 0.0154229 0.0000010 0.0000010 0.0000010 0.0000010 0.0000010 0.0000010 0.0000010 0.0000010 0.0000000 0.0050538 0.0618815 0.0675104 0.0553976 0.0430303 0.0334899 0.0375649 0.0719027 0.1064862 0.0429374 0.0429374 0.0429374 0.0554725 0.0554725 0.0554725 0.0554725 0.0554725 0.0439079 
KnumarCCFEE5726|Knufia_marmoricola_CCFEE_5726            0.6965992 0.6954303 0.3440776 0.4053329 0.4216156 0.3970217 0.3746807 0.4136720 0.3321458 0.3558537 0.4928059 0.3686485 0.3437099 0.3340005 0.2448180 0.2679099 0.2298774 0.2085526 0.2290455 0.1594277 0.1914501 0.1653739 0.1653739 0.1414147 0.1729039 0.1192137 0.1435599 0.1123448 0.1123448 0.1184000 0.1206601 0.0660232 0.0557813 0.0990424 0.0923407 0.0970392 0.0102316 0.0050538 0.0050538 0.0050538 0.0050538 0.0050692 0.0050538 0.0050538 0.0050538 0.0050538 0.0000000 0.0618815 0.0615743 0.0496102 0.0374663 0.0334899 0.0431449 0.0655443 0.0996818 0.0373843 0.0373843 0.0373843 0.0496727 0.0496727 0.0496727 0.0496727 0.0496727 0.0439079 
SarpetNIOCCY8|Sarcinomyces_petricola_NIOCCY8             0.9344276 0.8152529 0.4364819 0.4634385 0.5063760 0.4821541 0.4463412 0.4464014 0.4021038 0.4435977 0.5688211 0.4040997 0.4046851 0.4171305 0.2902315 0.3162011 0.2847191 0.2540682 0.2796858 0.2062828 0.2287563 0.1907935 0.1907935 0.1925497 0.1996474 0.1381888 0.1293040 0.1301101 0.1301101 0.1173821 0.1198765 0.0975965 0.0843978 0.1042824 0.0967158 0.1156825 0.0758483 0.0618815 0.0618815 0.0618815 0.0618815 0.0618815 0.0618815 0.0618815 0.0618815 0.0618815 0.0618815 0.0000000 0.0846237 0.0913792 0.0756568 0.0715572 0.0485543 0.0819501 0.0944326 0.0232992 0.0232992 0.0232992 0.0626759 0.0626759 0.0626759 0.0626759 0.0626759 0.0518400 
KnuspMV2018|Knufia_sp._MV-2018                           0.7398367 0.8242478 0.3503243 0.4706523 0.4155650 0.4590085 0.3843677 0.5064797 0.4003066 0.3972551 0.5533942 0.3865570 0.3830713 0.4192155 0.2250412 0.2929900 0.2891696 0.2601966 0.2929282 0.1724561 0.2016157 0.1719184 0.1719184 0.1435578 0.1794718 0.1476306 0.1477392 0.1404843 0.1404843 0.1275266 0.1203399 0.0793194 0.0996282 0.1204705 0.1135071 0.1502217 0.0741660 0.0675104 0.0675104 0.0675104 0.0675104 0.0677554 0.0675104 0.0675104 0.0675104 0.0675104 0.0615743 0.0846237 0.0000000 0.0729027 0.0598819 0.0477642 0.0839930 0.1026753 0.1156789 0.0607800 0.0607800 0.0607800 0.0854120 0.0854120 0.0854120 0.0854120 0.0854120 0.0590578 
KnucalCGMCC317222|Knufia_calcarecola_CGMCC_3.17222       0.6633726 0.7306175 0.3346772 0.4360852 0.4359205 0.3681448 0.3800746 0.5831276 0.3157096 0.3793529 0.5050932 0.3164306 0.2915450 0.3095853 0.2511721 0.2764345 0.2465493 0.2428955 0.2473598 0.1607568 0.2351592 0.1741381 0.1741381 0.1703316 0.1881245 0.1268684 0.1272936 0.1158864 0.1198824 0.1445864 0.1487429 0.0893836 0.0870771 0.1338584 0.1267888 0.1249631 0.0615541 0.0537631 0.0537631 0.0537631 0.0537631 0.0539459 0.0553976 0.0537631 0.0553976 0.0553976 0.0496102 0.0913792 0.0729027 0.0000000 0.0366247 0.0412621 0.0664834 0.0918511 0.1223729 0.0606356 0.0606356 0.0606356 0.0712893 0.0712893 0.0712893 0.0734999 0.0734999 0.0734907 
KnuspLS-2015bCGMCC317301|Knufia_sp._LS-2015bCGMCC3.17301 0.6669192 0.6790461 0.3486344 0.4711695 0.4497098 0.3932129 0.3938562 0.5227649 0.3304886 0.3721649 0.4639313 0.3200424 0.2954038 0.3132504 0.2530729 0.2609230 0.2057753 0.2117898 0.2111021 0.1600864 0.2167403 0.1508914 0.1508914 0.1496428 0.1613862 0.1185718 0.1265991 0.1094595 0.1117360 0.1192526 0.1252328 0.0768198 0.0672297 0.1111090 0.1043694 0.1088397 0.0490524 0.0422613 0.0422613 0.0422613 0.0422613 0.0424016 0.0430303 0.0422613 0.0430303 0.0430303 0.0374663 0.0756568 0.0598819 0.0366247 0.0000000 0.0000010 0.0481809 0.0644566 0.0911351 0.0426069 0.0426069 0.0426069 0.0537846 0.0537846 0.0537846 0.0547802 0.0547802 0.0580225 
KnucheGS100178|Knufia_chersonesos_GS10017-8              0.7462792 0.8932324 0.4369555 0.4711695 0.5851175 0.5268303 0.5014190 0.5227649 0.4320636 0.4520925 0.6311623 0.3153757 0.3252015 0.3487966 0.2847646 0.3060227 0.2280644 0.2370642 0.2295506 0.1511426 0.2167403 0.1352747 0.1352747 0.1441648 0.1441648 0.1101821 0.1016291 0.1016291 0.1016291 0.1272964 0.1183534 0.1021030 0.0722640 0.1107100 0.1020995 0.1080502 0.0479568 0.0334899 0.0334899 0.0334899 0.0334899 0.0334899 0.0334899 0.0334899 0.0334899 0.0334899 0.0334899 0.0715572 0.0477642 0.0412621 0.0000010 0.0000000 0.0553638 0.0592259 0.0815005 0.0553517 0.0553517 0.0553517 0.0556079 0.0556079 0.0556079 0.0556079 0.0556079 0.0662148 
KnuperCBS88595|Knufia_perforans_CBS_885.95               0.6709466 0.7016047 0.3514144 0.4562358 0.4171765 0.4004501 0.3857116 0.4742103 0.3348545 0.4023290 0.4549653 0.3458619 0.3114701 0.3274976 0.2710552 0.2622366 0.2223223 0.1941434 0.1966258 0.1724169 0.1916822 0.1460210 0.1460210 0.1323289 0.1531697 0.1229507 0.1192254 0.1162096 0.1162096 0.1118592 0.1133426 0.0725256 0.0480401 0.0925753 0.0859239 0.0907209 0.0549248 0.0375649 0.0375649 0.0375649 0.0375649 0.0376909 0.0375649 0.0375649 0.0375649 0.0375649 0.0431449 0.0485543 0.0839930 0.0664834 0.0481809 0.0553638 0.0000000 0.0792760 0.0919699 0.0259055 0.0259055 0.0259055 0.0426445 0.0426445 0.0426445 0.0426445 0.0426445 0.0444064 
KnuendUAMH10396|Knufia_endospora_UAMH_10396              0.6945088 0.6517696 0.3461021 0.4026445 0.3909502 0.3911996 0.3599676 0.4051684 0.2728295 0.3009176 0.4331603 0.3325734 0.3099706 0.2764480 0.2340455 0.2528499 0.1992625 0.1842961 0.2137284 0.1819232 0.2140247 0.1893792 0.1893792 0.1785300 0.2053623 0.1178201 0.1140848 0.1068275 0.1106391 0.1209587 0.1115115 0.1008735 0.0802422 0.1130472 0.1061659 0.1057470 0.0790885 0.0696096 0.0696096 0.0696096 0.0696096 0.0698705 0.0719027 0.0696096 0.0719027 0.0719027 0.0655443 0.0819501 0.1026753 0.0918511 0.0644566 0.0592259 0.0792760 0.0000000 0.0392979 0.0526752 0.0526752 0.0526752 0.0775499 0.0775499 0.0775499 0.0801810 0.0801810 0.0518861 
KnucryDAOM216555|Knufia_cryptophialidica_DAOM_216555     0.7038388 0.6153036 0.3697510 0.3872078 0.3848385 0.3755829 0.3545842 0.3741140 0.2888646 0.3338302 0.4412421 0.3273386 0.2771525 0.3127106 0.2087339 0.2635408 0.2333484 0.1917690 0.2226723 0.2198283 0.2078278 0.1755496 0.1755496 0.1646925 0.1836119 0.1249451 0.1148475 0.1177111 0.1177111 0.0916166 0.0784420 0.1056063 0.1081358 0.1167159 0.1096142 0.0932744 0.1145556 0.1064862 0.1064862 0.1064862 0.1064862 0.1069342 0.1064862 0.1064862 0.1064862 0.1064862 0.0996818 0.0944326 0.1156789 0.1223729 0.0911351 0.0815005 0.0919699 0.0392979 0.0000000 0.0588477 0.0588477 0.0588477 0.0797361 0.0797361 0.0797361 0.0797361 0.0797361 0.0370868 
KnupetCBS72695|Knufia_petricola_CBS_726.95               0.6749767 0.6778605 0.3484600 0.4387047 0.4020715 0.3819433 0.3568494 0.4488631 0.3181890 0.3459482 0.4342068 0.3344875 0.2914165 0.3064332 0.2314259 0.2350551 0.2139207 0.1875850 0.2069666 0.1522356 0.2016167 0.1404539 0.1404539 0.1345079 0.1476340 0.1030486 0.0993148 0.0964789 0.0964789 0.0835511 0.0850413 0.0546920 0.0552515 0.0714615 0.0651433 0.0763552 0.0489473 0.0429374 0.0429374 0.0429374 0.0429374 0.0430823 0.0429374 0.0429374 0.0429374 0.0429374 0.0373843 0.0232992 0.0607800 0.0606356 0.0426069 0.0553517 0.0259055 0.0526752 0.0588477 0.0000000 0.0000010 0.0000010 0.0317810 0.0317810 0.0317810 0.0317810 0.0317810 0.0182315 
KnupetA95|Knufia_petricola_A95                           0.6749767 0.6778605 0.3484600 0.4387047 0.4020715 0.3819433 0.3568494 0.4488631 0.3181890 0.3459482 0.4342068 0.3344875 0.2914165 0.3064332 0.2314259 0.2350551 0.2139207 0.1875850 0.2069666 0.1522356 0.2016167 0.1404539 0.1404539 0.1345079 0.1476340 0.1030486 0.0993148 0.0964789 0.0964789 0.0835511 0.0850413 0.0546920 0.0552515 0.0714615 0.0651433 0.0763552 0.0489473 0.0429374 0.0429374 0.0429374 0.0429374 0.0430823 0.0429374 0.0429374 0.0429374 0.0429374 0.0373843 0.0232992 0.0607800 0.0606356 0.0426069 0.0553517 0.0259055 0.0526752 0.0588477 0.0000010 0.0000000 0.0000010 0.0317810 0.0317810 0.0317810 0.0317810 0.0317810 0.0182315 
