63
SarcruUAMH4286|Sarcinomyces_crustaceus_UAMH_4286         0.0000000 2.6356066 5.3413959 4.2888901 4.2888901 3.6937125 4.0106037 4.5035761 3.1829567 3.3588779 3.1220185 3.4032952 3.2856272 2.5011628 3.1641348 4.2443626 4.4806620 3.8219698 2.3724593 1.9558807 2.7518408 2.3614327 3.3559629 3.3703439 3.1084265 2.9727462 2.8768514 2.8768514 2.7886004 2.8417104 8.9999981 2.7887329 2.5140643 2.5267442 2.7857185 2.9402268 2.7960255 2.7960255 2.7960255 2.8488199 2.9173157 2.7723529 3.1059720 3.2547658 2.6199623 3.3806589 2.8392398 3.2569103 2.8296632 3.0156422 2.9177562 3.4300783 2.9972303 2.7631514 2.8524975 2.9408559 3.0316411 3.2643295 3.0316411 3.0316411 3.0316411 3.1249831 3.0863429 
PhanigUAMH4084|Phaeococcomyces_nigricans_UAMH_4084       2.6356066 0.0000000 2.1274400 4.6306208 4.6306208 4.8305076 4.2102157 2.0901636 2.9797085 3.6195120 3.7907397 4.4132742 3.7329131 5.4264183 1.9646435 3.6319546 2.9216198 3.1825021 2.7386967 1.4345263 2.6211111 2.4410304 2.8450259 3.6154283 4.2052879 3.6748574 3.2191691 3.2191691 2.2167415 2.2555118 8.9999990 2.1087562 2.4760313 1.9303302 3.1544634 3.7109757 2.9419149 2.9419149 2.9419149 2.5631235 3.1505750 2.2319251 3.8332100 2.0178008 2.0326403 1.4248942 2.4584585 3.1629593 2.1186877 2.6306683 2.8326750 2.6618332 2.7471928 2.3494982 1.6548181 3.3162982 2.3200126 2.8722312 3.4205618 3.4205618 3.4205618 2.5554838 2.4683274 
ExoderCBS20735|Exophiala_dermatitidis_CBS_207.35         5.3413959 2.1274400 0.0000000 1.2710030 1.2710030 1.1729360 0.8588221 0.8537814 0.7278161 0.8982438 0.9054195 1.1035326 0.9361226 0.9949832 0.9394767 0.7763246 0.7881029 0.8309897 0.8295418 0.7300907 0.7995305 0.8214637 0.9189059 0.9072383 0.8338771 0.8647290 0.7754759 0.7754759 0.8051217 0.7942715 1.0037358 0.7856953 0.6354041 0.7093838 0.5568564 0.6529408 0.7969169 0.7969169 0.7969169 0.8132100 0.6831299 0.6535823 0.6397845 0.6083234 0.6856532 0.6018865 0.6083558 0.6620185 0.6082927 0.6108362 0.6025351 0.6330064 0.7393793 0.6641982 0.6736415 0.6915017 0.6964962 0.6944201 0.6817300 0.6817300 0.6817300 0.7179588 0.6212950 
LitaloCPC35996|Lithohypha_aloicola_CPC_35996             4.2888901 4.6306208 1.2710030 0.0000000 0.0000010 0.0879993 0.7219810 0.7829703 0.6405398 0.5610483 0.5522943 0.5913485 0.5427116 0.4909876 0.6168549 0.5555331 0.6237552 0.6012730 0.6598269 0.6417484 0.4852327 0.4404002 0.5653650 0.5531837 0.6340857 0.5878537 0.5282640 0.5282640 0.5822161 0.5967461 0.5591739 0.2897053 0.3692491 0.3909479 0.5170290 0.5716834 0.3863573 0.3863573 0.3863573 0.3863573 0.4062949 0.4077763 0.5830146 0.4639002 0.4366698 0.4634204 0.4608876 0.4042290 0.4786991 0.4083627 0.4245749 0.4347745 0.4712389 0.5163660 0.4981702 0.4616690 0.4750149 0.4723678 0.4750149 0.4750149 0.4750149 0.5552472 0.4500104 
LitgutM1|Lithohypha_guttulata_M1                         4.2888901 4.6306208 1.2710030 0.0000010 0.0000000 0.0879993 0.7219810 0.7829703 0.6405398 0.5610483 0.5522943 0.5913485 0.5427116 0.4909876 0.6168549 0.5555331 0.6237552 0.6012730 0.6598269 0.6417484 0.4852327 0.4404002 0.5653650 0.5531837 0.6340857 0.5878537 0.5282640 0.5282640 0.5822161 0.5967461 0.5591739 0.2897053 0.3692491 0.3909479 0.5170290 0.5716834 0.3863573 0.3863573 0.3863573 0.3863573 0.4062949 0.4077763 0.5830146 0.4639002 0.4366698 0.4634204 0.4608876 0.4042290 0.4786991 0.4083627 0.4245749 0.4347745 0.4712389 0.5163660 0.4981702 0.4616690 0.4750149 0.4723678 0.4750149 0.4750149 0.4750149 0.5552472 0.4500104 
LitspCCFEE6069|Lithohypha_sp._CCFEE_6069                 3.6937125 4.8305076 1.1729360 0.0879993 0.0879993 0.0000000 0.6679503 0.6992117 0.6004750 0.5479923 0.5115380 0.6243296 0.5304242 0.5166882 0.6551904 0.5859663 0.6338272 0.6240202 0.6629742 0.6450510 0.5129618 0.4222069 0.5846893 0.5725295 0.6544215 0.6071448 0.4437088 0.4437088 0.4871797 0.5003442 0.6804622 0.3078648 0.3618925 0.3992236 0.5058767 0.5615540 0.4079458 0.4079458 0.4079458 0.4079458 0.4077213 0.4091776 0.5032370 0.4232154 0.4584743 0.4845001 0.4819443 0.4284726 0.4614060 0.3955721 0.4108378 0.4194273 0.4549479 0.4969173 0.4797203 0.4457188 0.4584174 0.4546942 0.4584174 0.4584174 0.4584174 0.5337003 0.4059733 
KnuspDTO305D4|Knufia_sp._DTO305-D4                       4.0106037 4.2102157 0.8588221 0.7219810 0.7219810 0.6679503 0.0000000 0.0926517 0.2819623 0.2074102 0.1964534 0.2322337 0.2074102 0.4486181 0.5717103 0.3795792 0.4653646 0.4011631 0.5749270 0.5290029 0.3891158 0.4551180 0.5051560 0.4808757 0.5301479 0.5308276 0.3692591 0.3692591 0.4105220 0.4216794 0.4822069 0.4289198 0.3733995 0.3773880 0.3774629 0.3352250 0.4564652 0.4564652 0.4564652 0.4917734 0.3140314 0.3207774 0.3466897 0.4059806 0.3590842 0.3839803 0.3471272 0.4306888 0.3953340 0.4041919 0.3881116 0.3593527 0.3767926 0.3561978 0.3601767 0.3528484 0.3930401 0.3197122 0.3489094 0.3489094 0.3489094 0.3983399 0.2942714 
NeocatUAMH4357|Neophaeococcomyces_catenatus_UAMH_4357    4.5035761 2.0901636 0.8537814 0.7829703 0.7829703 0.6992117 0.0926517 0.0000000 0.2476468 0.2323507 0.2220884 0.2595866 0.2336131 0.4246712 0.4707958 0.3824834 0.4594629 0.4043229 0.5803871 0.3841969 0.3487214 0.4969016 0.4711594 0.4998246 0.5748139 0.5755753 0.3869180 0.3869180 0.3403627 0.3498714 0.5292540 0.3647669 0.3396839 0.3097908 0.4376738 0.4361606 0.4391793 0.4391793 0.4391793 0.4262905 0.3018788 0.2455644 0.3957927 0.3372450 0.3538581 0.3411745 0.4110328 0.4337275 0.3837226 0.4703882 0.3907144 0.3593527 0.3724723 0.3007021 0.2691034 0.3857577 0.3535730 0.3503884 0.3813495 0.3813495 0.3813495 0.3459036 0.3094205 
uncExo|uncultured_Exophiala__                            3.1829567 2.9797085 0.7278161 0.6405398 0.6405398 0.6004750 0.2819623 0.2476468 0.0000000 0.1246719 0.1161646 0.1317115 0.1146244 0.4450871 0.3875277 0.3033624 0.3401588 0.3115693 0.3424279 0.3359865 0.2378049 0.3591384 0.4135884 0.3898490 0.3848748 0.3696194 0.2811184 0.2811184 0.3133268 0.3235202 0.5026803 0.3111391 0.2699637 0.2599744 0.2884980 0.3218584 0.3895892 0.3895892 0.3895892 0.3895892 0.2370782 0.2529317 0.3047155 0.3409258 0.2330217 0.2849678 0.2534199 0.2916579 0.2922046 0.2769109 0.2740974 0.2586345 0.3421525 0.2988320 0.3019472 0.3093336 0.3212554 0.2939622 0.3212554 0.3212554 0.3212554 0.3241433 0.2450097 
Knusp112|Knufia_sp._112                                  3.3588779 3.6195120 0.8982438 0.5610483 0.5610483 0.5479923 0.2074102 0.2323507 0.1246719 0.0000000 0.0135068 0.0444412 0.0066857 0.4209371 0.4234682 0.3230688 0.4093664 0.3271518 0.3826896 0.3618350 0.2867920 0.3566545 0.4697707 0.4449518 0.4269268 0.4375777 0.3407277 0.3407277 0.3776262 0.3885086 0.4470018 0.3337772 0.3289498 0.2896253 0.3558132 0.3529872 0.3078889 0.3078889 0.3078889 0.3078889 0.2367442 0.2786554 0.3205015 0.3687414 0.2450959 0.3048704 0.2713617 0.3386228 0.3266164 0.3099824 0.3067067 0.2874432 0.3089705 0.2884563 0.2914640 0.2989434 0.3107806 0.2830770 0.3107806 0.3107806 0.3107806 0.3363157 0.2688654 
uncfun4|uncultured_fungus__                              3.1220185 3.7907397 0.9054195 0.5522943 0.5522943 0.5115380 0.1964534 0.2220884 0.1161646 0.0135068 0.0000000 0.0375688 0.0066362 0.4038249 0.3778972 0.3004028 0.3780951 0.3041639 0.3841219 0.3766799 0.2874236 0.3716161 0.4351200 0.4109141 0.3952534 0.4050249 0.3139761 0.3139761 0.3490232 0.3596794 0.4496833 0.3197567 0.3147364 0.2765999 0.3269644 0.3258588 0.3085420 0.3085420 0.3085420 0.3085420 0.2248716 0.2657669 0.2941734 0.3453339 0.2456037 0.3327641 0.2972737 0.3266771 0.3273424 0.3106634 0.3073746 0.2881000 0.3096256 0.2890735 0.2920931 0.2995802 0.3114435 0.2837145 0.3114435 0.3114435 0.3114435 0.3370409 0.2424552 
uncfun5|uncultured_fungus__                              3.4032952 4.4132742 1.1035326 0.5913485 0.5913485 0.6243296 0.2322337 0.2595866 0.1317115 0.0444412 0.0375688 0.0000000 0.0370654 0.3944737 0.4955297 0.3791799 0.4408282 0.3844624 0.4380327 0.4144333 0.2477259 0.4094511 0.4197715 0.3963037 0.3819311 0.3911409 0.3299379 0.3299379 0.3673520 0.3785045 0.5807409 0.3404351 0.3356328 0.2951929 0.3487922 0.4005307 0.3595398 0.3595398 0.3595398 0.3595398 0.2410684 0.2840043 0.3532689 0.4185384 0.2884257 0.3880660 0.3467850 0.3639497 0.3831571 0.3638446 0.3596775 0.3408921 0.3607052 0.3383377 0.3421629 0.3497829 0.3630592 0.3351333 0.3630592 0.3630592 0.3630592 0.3921971 0.3101955 
uncfun1|uncultured_fungus__                              3.2856272 3.7329131 0.9361226 0.5427116 0.5427116 0.5304242 0.2074102 0.2336131 0.1146244 0.0066857 0.0066362 0.0370654 0.0000000 0.4189182 0.3928258 0.3133393 0.3930971 0.3173027 0.3841219 0.3766799 0.2735092 0.3716161 0.4517267 0.4272257 0.4104363 0.4206307 0.3268173 0.3268173 0.3627431 0.3735068 0.4047056 0.3197567 0.3147364 0.2765999 0.3408095 0.3388770 0.2947584 0.2947584 0.2947584 0.2947584 0.2248716 0.2657669 0.3068185 0.3589197 0.2332374 0.3181517 0.2837397 0.3119389 0.3125553 0.2963554 0.2932500 0.2736567 0.2958287 0.2755214 0.2783702 0.2859003 0.2975324 0.2695597 0.2975324 0.2975324 0.2975324 0.3225209 0.2551509 
KnuspFH2012|Knufia_sp._FH-2012                           2.5011628 5.4264183 0.9949832 0.4909876 0.4909876 0.5166882 0.4486181 0.4246712 0.4450871 0.4209371 0.4038249 0.3944737 0.4189182 0.0000000 0.6208719 0.5655356 0.5880015 0.5872955 0.2896391 0.3060133 0.3006461 0.3983380 0.4198947 0.4096436 0.3764501 0.3971783 0.2505935 0.2505935 0.2300728 0.2518156 0.5202917 0.3410115 0.2941663 0.3109686 0.3758397 0.3070046 0.2753473 0.2753473 0.2753473 0.2753473 0.2839836 0.3340704 0.3271899 0.3080049 0.2880242 0.3585851 0.3516011 0.2894410 0.3240302 0.2758633 0.2729630 0.2572424 0.2619607 0.3256642 0.3292336 0.2661187 0.2634148 0.2757738 0.2634148 0.2634148 0.2634148 0.3097143 0.2247177 
ArtcauCBS45767|Arthrocladium_caudatum_CBS_457.67         3.1641348 1.9646435 0.9394767 0.6168549 0.6168549 0.6551904 0.5717103 0.4707958 0.3875277 0.4234682 0.3778972 0.4955297 0.3928258 0.6208719 0.0000000 0.1762819 0.1088838 0.0948187 0.3912433 0.3136823 0.4015550 0.3572940 0.2703921 0.3408243 0.4106444 0.3925104 0.3595080 0.3595080 0.2553810 0.2645357 0.5006834 0.2427029 0.2266981 0.2195165 0.2404286 0.2356280 0.2616155 0.2616155 0.2616155 0.2588825 0.2127319 0.2296072 0.2621054 0.1912975 0.1906773 0.2074133 0.2265819 0.2366706 0.2479688 0.3283534 0.2321811 0.2263704 0.2631306 0.2149270 0.2257077 0.2284426 0.2305747 0.2072097 0.2397697 0.2397697 0.2397697 0.2779712 0.1813690 
ArtfulCBS136243|Arthrocladium_fulminans_CBS_136243       4.2443626 3.6319546 0.7763246 0.5555331 0.5555331 0.5859663 0.3795792 0.3824834 0.3033624 0.3230688 0.3004028 0.3791799 0.3133393 0.5655356 0.1762819 0.0000000 0.1064889 0.0771023 0.3848676 0.3487557 0.3446708 0.3196005 0.3409683 0.3047972 0.3355710 0.3654299 0.3055287 0.3055287 0.3383853 0.3492583 0.4269377 0.2324254 0.2830713 0.2572902 0.2366205 0.1975077 0.3003878 0.3003878 0.3003878 0.3003878 0.2388671 0.2271219 0.2437578 0.2542902 0.2293731 0.2636288 0.2623189 0.2575573 0.2550876 0.2694202 0.2665624 0.2357635 0.2655134 0.2120827 0.2142481 0.2497383 0.2471661 0.2165995 0.2471661 0.2471661 0.2471661 0.2747785 0.2038765 
ArttarCBS127021|Arthrocladium_tardum_CBS_127021          4.4806620 2.9216198 0.7881029 0.6237552 0.6237552 0.6338272 0.4653646 0.4594629 0.3401588 0.4093664 0.3780951 0.4408282 0.3930971 0.5880015 0.1088838 0.1064889 0.0000000 0.0854665 0.3693601 0.3362074 0.3469385 0.3212206 0.3174827 0.3101975 0.3128557 0.3269270 0.3281013 0.3281013 0.3618925 0.3728328 0.4542820 0.2544620 0.2721356 0.2884487 0.2382728 0.1982608 0.2957547 0.2957547 0.2957547 0.2957547 0.2694361 0.2570070 0.2520119 0.2701215 0.2455989 0.2647989 0.2634775 0.2572851 0.2562183 0.2706521 0.2677652 0.2504826 0.2933459 0.2371494 0.2396212 0.2766255 0.2737173 0.2434866 0.2737173 0.2737173 0.2737173 0.2774122 0.2181076 
ArttroCBS134926|Arthrocladium_tropicale_CBS_134926       3.8219698 3.1825021 0.8309897 0.6012730 0.6012730 0.6240202 0.4011631 0.4043229 0.3115693 0.3271518 0.3041639 0.3844624 0.3173027 0.5872955 0.0948187 0.0771023 0.0854665 0.0000000 0.3563291 0.3217815 0.3314358 0.3212249 0.3526866 0.3163135 0.3325114 0.3773555 0.3103955 0.3103955 0.3438657 0.3548859 0.3855551 0.2187289 0.2459863 0.2353623 0.2136625 0.1544090 0.2713930 0.2713930 0.2713930 0.2713930 0.1918105 0.2040867 0.2077619 0.2312371 0.1962695 0.2396548 0.2384462 0.2341198 0.2310527 0.2447953 0.2422280 0.2108795 0.2286870 0.1784495 0.1802348 0.2140229 0.2118618 0.1806493 0.2118618 0.2118618 0.2118618 0.2264529 0.1669262 
KnucryDAOM216555|Knufia_cryptophialidica_DAOM_216555     2.3724593 2.7386967 0.8295418 0.6598269 0.6598269 0.6629742 0.5749270 0.5803871 0.3424279 0.3826896 0.3841219 0.4380327 0.3841219 0.2896391 0.3912433 0.3848676 0.3693601 0.3563291 0.0000000 0.0553222 0.2789000 0.1928414 0.3587549 0.3430449 0.2816957 0.2686152 0.2512692 0.2512692 0.2992180 0.3099496 0.6934595 0.3129124 0.2832378 0.2744696 0.2132333 0.2779086 0.3032528 0.3032528 0.3032528 0.3032528 0.3019106 0.3451706 0.2372427 0.3393704 0.2256452 0.2475809 0.2193802 0.2497746 0.2666224 0.2449715 0.2548480 0.2281095 0.2930246 0.3136853 0.3031772 0.2769529 0.2741528 0.2614629 0.2741528 0.2741528 0.2741528 0.3162186 0.1972245 
KnuendUAMH10396|Knufia_endospora_UAMH_10396              1.9558807 1.4345263 0.7300907 0.6417484 0.6417484 0.6450510 0.5290029 0.3841969 0.3359865 0.3618350 0.3766799 0.4144333 0.3766799 0.3060133 0.3136823 0.3487557 0.3362074 0.3217815 0.0553222 0.0000000 0.2748858 0.2169623 0.3017742 0.3486258 0.2505829 0.2508512 0.2592444 0.2592444 0.2336228 0.2423552 0.6784486 0.2807877 0.2746322 0.2436731 0.2374405 0.3086714 0.2953993 0.2953993 0.2953993 0.2910183 0.2906829 0.2885952 0.2867406 0.2434608 0.2470774 0.2037165 0.2507165 0.2666144 0.3033119 0.3422162 0.2693664 0.2527684 0.3089767 0.2509026 0.2262819 0.2891655 0.2742394 0.2599322 0.2888609 0.2888609 0.2888609 0.2634180 0.1961312 
KnuspCBMAI2122|Knufia_sp._CBMAI2122                      2.7518408 2.6211111 0.7995305 0.4852327 0.4852327 0.5129618 0.3891158 0.3487214 0.2378049 0.2867920 0.2874236 0.2477259 0.2735092 0.3006461 0.4015550 0.3446708 0.3469385 0.3314358 0.2789000 0.2748858 0.0000000 0.2769086 0.3107357 0.2898051 0.2991433 0.2711370 0.2080324 0.2080324 0.2535927 0.2758164 0.4169628 0.2352414 0.1388219 0.1253087 0.2091258 0.3122888 0.2137179 0.2137179 0.2137179 0.2084555 0.2032773 0.1859916 0.2838226 0.2555209 0.1680407 0.1826808 0.1784778 0.1883481 0.1868219 0.2068878 0.2035750 0.1690894 0.2345734 0.2082461 0.1976700 0.2395311 0.2334606 0.1924872 0.2395311 0.2395311 0.2395311 0.2265264 0.1647704 
KnuperIRAN2553C|Knufia_perfecta_IRAN2553C                2.3614327 2.4410304 0.8214637 0.4404002 0.4404002 0.4222069 0.4551180 0.4969016 0.3591384 0.3566545 0.3716161 0.4094511 0.3716161 0.3983380 0.3572940 0.3196005 0.3212206 0.3212249 0.1928414 0.2169623 0.2769086 0.0000000 0.2485786 0.2397347 0.3150071 0.2862667 0.1391977 0.1391977 0.1993430 0.2089678 0.6072762 0.1562472 0.2226837 0.2160026 0.1990641 0.2582813 0.2086463 0.2086463 0.2086463 0.2086463 0.2680142 0.2884374 0.2331335 0.2312143 0.1803838 0.1545820 0.1753111 0.1979688 0.2170500 0.1894098 0.1999412 0.1824737 0.2355161 0.2377981 0.2265966 0.2209685 0.2187768 0.1902776 0.2187768 0.2187768 0.2187768 0.2780851 0.1766069 
KnuepiCBS120353|Knufia_epidermidis_CBS_120353            3.3559629 2.8450259 0.9189059 0.5653650 0.5653650 0.5846893 0.5051560 0.4711594 0.4135884 0.4697707 0.4351200 0.4197715 0.4517267 0.4198947 0.2703921 0.3409683 0.3174827 0.3526866 0.3587549 0.3017742 0.3107357 0.2485786 0.0000000 0.0273635 0.0686822 0.0595675 0.2436477 0.2436477 0.1941884 0.1825366 0.4916585 0.2001230 0.1817280 0.1856742 0.2191514 0.2528526 0.2071230 0.2071230 0.2071230 0.2069943 0.2054235 0.1973477 0.2195148 0.1397382 0.1764665 0.1680215 0.1935203 0.1938551 0.1915854 0.2112849 0.2088910 0.1938203 0.2364494 0.1950178 0.1896558 0.1951463 0.2050882 0.1783554 0.1951463 0.1951463 0.1951463 0.2282954 0.1429960 
ConspCBS123466|Coniosporium_sp._CBS_123466               3.3703439 3.6154283 0.9072383 0.5531837 0.5531837 0.5725295 0.4808757 0.4998246 0.3898490 0.4449518 0.4109141 0.3963037 0.4272257 0.4096436 0.3408243 0.3047972 0.3101975 0.3163135 0.3430449 0.3486258 0.2898051 0.2397347 0.0273635 0.0000000 0.0532920 0.0524780 0.2364528 0.2364528 0.2490137 0.2353707 0.4916585 0.2460707 0.1842304 0.2059830 0.2073255 0.2580764 0.2100377 0.2100377 0.2100377 0.2507558 0.1963094 0.2306176 0.1850239 0.1767240 0.2086529 0.2090353 0.1973387 0.1965453 0.2350040 0.2585374 0.2118473 0.1938203 0.2361492 0.1902593 0.1986638 0.1754633 0.2266441 0.1673577 0.1754633 0.1754633 0.1754633 0.2079534 0.1429960 
KnuepiCCFEE5813|Knufia_epidermidis_CCFEE_5813            3.1084265 4.2052879 0.8338771 0.6340857 0.6340857 0.6544215 0.5301479 0.5748139 0.3848748 0.4269268 0.3952534 0.3819311 0.4104363 0.3764501 0.4106444 0.3355710 0.3128557 0.3325114 0.2816957 0.2505829 0.2991433 0.3150071 0.0686822 0.0532920 0.0000000 0.0068526 0.2934152 0.2934152 0.3424823 0.3253542 0.4916585 0.2719754 0.2324134 0.2343303 0.2244541 0.2125182 0.2475543 0.2475543 0.2475543 0.2475543 0.2462020 0.2642993 0.2352292 0.2363292 0.2365250 0.2507023 0.2344463 0.2332969 0.2694517 0.2546979 0.2521241 0.2473501 0.2506879 0.2261114 0.2283648 0.2360333 0.2337272 0.2180411 0.2337272 0.2337272 0.2337272 0.2502610 0.1784964 
KnuepiCCFEE5814|Knufia_epidermidis_CCFEE_5814            2.9727462 3.6748574 0.8647290 0.5878537 0.5878537 0.6071448 0.5308276 0.5755753 0.3696194 0.4375777 0.4050249 0.3911409 0.4206307 0.3971783 0.3925104 0.3654299 0.3269270 0.3773555 0.2686152 0.2508512 0.2711370 0.2862667 0.0595675 0.0524780 0.0068526 0.0000000 0.2669868 0.2669868 0.3253542 0.3088800 0.4916585 0.2453442 0.2056111 0.2190025 0.2131157 0.2358496 0.2357696 0.2357696 0.2357696 0.2357696 0.2351917 0.2604951 0.2487016 0.2131573 0.2049322 0.2234898 0.1992842 0.2218818 0.2517525 0.2377249 0.2377249 0.2321999 0.2647670 0.2371132 0.2371132 0.2471145 0.2471145 0.2271516 0.2471145 0.2471145 0.2471145 0.2657963 0.1668893 
KnumedCCFEE6205|Knufia_mediterranea_CCFEE_6205           2.8768514 3.2191691 0.7754759 0.5282640 0.5282640 0.4437088 0.3692591 0.3869180 0.2811184 0.3407277 0.3139761 0.3299379 0.3268173 0.2505935 0.3595080 0.3055287 0.3281013 0.3103955 0.2512692 0.2592444 0.2080324 0.1391977 0.2436477 0.2364528 0.2934152 0.2669868 0.0000000 0.0000010 0.0382385 0.0446544 0.2708897 0.1584141 0.1464146 0.1673303 0.1801611 0.1593161 0.1819098 0.1819098 0.1819098 0.1819098 0.2056471 0.2075813 0.1825479 0.1818077 0.1233905 0.1318552 0.1503677 0.1639696 0.1540572 0.1431591 0.1523346 0.1231306 0.1950857 0.1734437 0.1639255 0.1825613 0.1809019 0.1418624 0.1809019 0.1809019 0.1809019 0.2055108 0.1074863 
KnumedCCFEE6211|Knufia_mediterranea_CCFEE_6211           2.8768514 3.2191691 0.7754759 0.5282640 0.5282640 0.4437088 0.3692591 0.3869180 0.2811184 0.3407277 0.3139761 0.3299379 0.3268173 0.2505935 0.3595080 0.3055287 0.3281013 0.3103955 0.2512692 0.2592444 0.2080324 0.1391977 0.2436477 0.2364528 0.2934152 0.2669868 0.0000010 0.0000000 0.0382385 0.0446544 0.2708897 0.1584141 0.1464146 0.1673303 0.1801611 0.1593161 0.1819098 0.1819098 0.1819098 0.1819098 0.2056471 0.2075813 0.1825479 0.1818077 0.1233905 0.1318552 0.1503677 0.1639696 0.1540572 0.1431591 0.1523346 0.1231306 0.1950857 0.1734437 0.1639255 0.1825613 0.1809019 0.1418624 0.1809019 0.1809019 0.1809019 0.2055108 0.1074863 
KnumedCBS139721|Knufia_mediterranea_CBS_139721           2.7886004 2.2167415 0.8051217 0.5822161 0.5822161 0.4871797 0.4105220 0.3403627 0.3133268 0.3776262 0.3490232 0.3673520 0.3627431 0.2300728 0.2553810 0.3383853 0.3618925 0.3438657 0.2992180 0.2336228 0.2535927 0.1993430 0.1941884 0.2490137 0.3424823 0.3253542 0.0382385 0.0382385 0.0000000 0.0054860 0.2708897 0.1708640 0.1556197 0.1626213 0.2056458 0.2036987 0.1999739 0.1999739 0.1999739 0.2001591 0.1872711 0.1809435 0.2090191 0.1248035 0.1253526 0.1247031 0.1534176 0.1578193 0.1719214 0.2017985 0.1447879 0.1142265 0.1993102 0.1658846 0.1519338 0.1750489 0.1733423 0.1328782 0.1750489 0.1750489 0.1750489 0.1948663 0.0984369 
KnumedCCFEE5768|Knufia_mediterranea_CCFEE5768            2.8417104 2.2555118 0.7942715 0.5967461 0.5967461 0.5003442 0.4216794 0.3498714 0.3235202 0.3885086 0.3596794 0.3785045 0.3735068 0.2518156 0.2645357 0.3492583 0.3728328 0.3548859 0.3099496 0.2423552 0.2758164 0.2089678 0.1825366 0.2353707 0.3253542 0.3088800 0.0446544 0.0446544 0.0054860 0.0000000 0.2708897 0.1791284 0.1746876 0.1805744 0.2169984 0.2235498 0.2204385 0.2204385 0.2204385 0.2197293 0.2081857 0.2001293 0.2182304 0.1406842 0.1423049 0.1405703 0.1721175 0.1771274 0.1892075 0.2206393 0.1634434 0.1331599 0.2178842 0.1841760 0.1685787 0.1944741 0.1907894 0.1521353 0.1944741 0.1944741 0.1944741 0.2147516 0.1175496 
KnumarCCFEE5726|Knufia_marmoricola_CCFEE_5726            8.9999981 8.9999990 1.0037358 0.5591739 0.5591739 0.6804622 0.4822069 0.5292540 0.5026803 0.4470018 0.4496833 0.5807409 0.4047056 0.5202917 0.5006834 0.4269377 0.4542820 0.3855551 0.6934595 0.6784486 0.4169628 0.6072762 0.4916585 0.4916585 0.4916585 0.4916585 0.2708897 0.2708897 0.2708897 0.2708897 0.0000000 0.2679773 0.1715379 0.2061830 0.3245016 0.2065407 0.1269238 0.1269238 0.1269238 0.1269238 0.1396797 0.1663056 0.2108169 0.1792349 0.1527540 0.1792349 0.1792349 0.1563879 0.1245458 0.1245458 0.1245458 0.1245458 0.1269238 0.1269238 0.1269238 0.1269238 0.1269238 0.1269238 0.1269238 0.1269238 0.1269238 0.1269238 0.1527540 
KnusepCGMCC317337|Knufia_separata_CGMCC3.17337           2.7887329 2.1087562 0.7856953 0.2897053 0.2897053 0.3078648 0.4289198 0.3647669 0.3111391 0.3337772 0.3197567 0.3404351 0.3197567 0.3410115 0.2427029 0.2324254 0.2544620 0.2187289 0.3129124 0.2807877 0.2352414 0.1562472 0.2001230 0.2460707 0.2719754 0.2453442 0.1584141 0.1584141 0.1708640 0.1791284 0.2679773 0.0000000 0.1344291 0.1339517 0.1349123 0.2163768 0.1235951 0.1235951 0.1235951 0.1180593 0.1364545 0.1575068 0.1582411 0.1192838 0.1214975 0.1375390 0.1478050 0.1270169 0.2036222 0.1858968 0.1293450 0.1303964 0.1438571 0.1544966 0.1307766 0.1280357 0.1119454 0.1173593 0.1268844 0.1268844 0.1268844 0.1927461 0.1026280 
KnuspSD2017|Knufia_sp._SD-2017                           2.5140643 2.4760313 0.6354041 0.3692491 0.3692491 0.3618925 0.3733995 0.3396839 0.2699637 0.3289498 0.3147364 0.3356328 0.3147364 0.2941663 0.2266981 0.2830713 0.2721356 0.2459863 0.2832378 0.2746322 0.1388219 0.2226837 0.1817280 0.1842304 0.2324134 0.2056111 0.1464146 0.1464146 0.1556197 0.1746876 0.1715379 0.1344291 0.0000000 0.0287820 0.0985061 0.1645338 0.0703599 0.0703599 0.0703599 0.0771605 0.0807415 0.1059480 0.1258199 0.0771398 0.0889361 0.0772815 0.0710102 0.0801018 0.0968438 0.0807724 0.0801018 0.0774881 0.0865163 0.0954474 0.0870855 0.0793406 0.0956940 0.0668800 0.0793406 0.0793406 0.0793406 0.1255264 0.0426463 
CappelUAMH11090|Capronia_peltigerae_UAMH_11090           2.5267442 1.9303302 0.7093838 0.3909479 0.3909479 0.3992236 0.3773880 0.3097908 0.2599744 0.2896253 0.2765999 0.2951929 0.2765999 0.3109686 0.2195165 0.2572902 0.2884487 0.2353623 0.2744696 0.2436731 0.1253087 0.2160026 0.1856742 0.2059830 0.2343303 0.2190025 0.1673303 0.1673303 0.1626213 0.1805744 0.2061830 0.1339517 0.0287820 0.0000000 0.1084890 0.1762266 0.0794273 0.0794273 0.0794273 0.0841391 0.0812624 0.1015417 0.1171751 0.0799868 0.0755526 0.0801252 0.0801701 0.0895489 0.1162417 0.1008090 0.0895489 0.0780201 0.0903467 0.0860506 0.0732489 0.0712276 0.0811305 0.0583652 0.0712276 0.0712276 0.0712276 0.1370732 0.0429314 
KnuvatCBS139722|Knufia_vaticanii_CBS_139722              2.7857185 3.1544634 0.5568564 0.5170290 0.5170290 0.5058767 0.3774629 0.4376738 0.2884980 0.3558132 0.3269644 0.3487922 0.3408095 0.3758397 0.2404286 0.2366205 0.2382728 0.2136625 0.2132333 0.2374405 0.2091258 0.1990641 0.2191514 0.2073255 0.2244541 0.2131157 0.1801611 0.1801611 0.2056458 0.2169984 0.3245016 0.1349123 0.0985061 0.1084890 0.0000000 0.1256175 0.1702452 0.1702452 0.1702452 0.1702452 0.1285550 0.1436863 0.0610094 0.1043321 0.0997919 0.1080011 0.0972932 0.0854443 0.1102716 0.0979727 0.0971272 0.0864016 0.1061851 0.0988994 0.0997768 0.0961986 0.0953829 0.0755079 0.0953829 0.0953829 0.0953829 0.1277206 0.0425114 
KnuvalCBS146989|Knufia_walvisbayicola_CBS_146989         2.9402268 3.7109757 0.6529408 0.5716834 0.5716834 0.5615540 0.3352250 0.4361606 0.3218584 0.3529872 0.3258588 0.4005307 0.3388770 0.3070046 0.2356280 0.1975077 0.1982608 0.1544090 0.2779086 0.3086714 0.3122888 0.2582813 0.2528526 0.2580764 0.2125182 0.2358496 0.1593161 0.1593161 0.2036987 0.2235498 0.2065407 0.2163768 0.1645338 0.1762266 0.1256175 0.0000000 0.1214690 0.1214690 0.1214690 0.1522485 0.1086853 0.1692515 0.1123967 0.1285233 0.0878575 0.1483857 0.1016888 0.1047379 0.1321725 0.1118232 0.0948990 0.0839395 0.1337591 0.1390825 0.1403025 0.1027215 0.1395621 0.0822990 0.1018626 0.1018626 0.1018626 0.1306082 0.0498467 
KnupetCBS72695|Knufia_petricola_CBS_726.95               2.7960255 2.9419149 0.7969169 0.3863573 0.3863573 0.4079458 0.4564652 0.4391793 0.3895892 0.3078889 0.3085420 0.3595398 0.2947584 0.2753473 0.2616155 0.3003878 0.2957547 0.2713930 0.3032528 0.2953993 0.2137179 0.2086463 0.2071230 0.2100377 0.2475543 0.2357696 0.1819098 0.1819098 0.1999739 0.2204385 0.1269238 0.1235951 0.0703599 0.0794273 0.1702452 0.1214690 0.0000000 0.0000010 0.0000010 0.0000010 0.0544357 0.0813731 0.1201339 0.1110629 0.0700690 0.1034245 0.1029226 0.0688317 0.0700690 0.0448199 0.0525186 0.0481717 0.0673312 0.0859902 0.0778078 0.0681153 0.0675669 0.0556824 0.0675669 0.0675669 0.0675669 0.0769502 0.0411106 
KnupetA95|Knufia_petricola_A95                           2.7960255 2.9419149 0.7969169 0.3863573 0.3863573 0.4079458 0.4564652 0.4391793 0.3895892 0.3078889 0.3085420 0.3595398 0.2947584 0.2753473 0.2616155 0.3003878 0.2957547 0.2713930 0.3032528 0.2953993 0.2137179 0.2086463 0.2071230 0.2100377 0.2475543 0.2357696 0.1819098 0.1819098 0.1999739 0.2204385 0.1269238 0.1235951 0.0703599 0.0794273 0.1702452 0.1214690 0.0000010 0.0000000 0.0000010 0.0000010 0.0544357 0.0813731 0.1201339 0.1110629 0.0700690 0.1034245 0.1029226 0.0688317 0.0700690 0.0448199 0.0525186 0.0481717 0.0673312 0.0859902 0.0778078 0.0681153 0.0675669 0.0556824 0.0675669 0.0675669 0.0675669 0.0769502 0.0411106 
PhacheCH49|Phaeococcomyces_chersonesos_CH49              2.7960255 2.9419149 0.7969169 0.3863573 0.3863573 0.4079458 0.4564652 0.4391793 0.3895892 0.3078889 0.3085420 0.3595398 0.2947584 0.2753473 0.2616155 0.3003878 0.2957547 0.2713930 0.3032528 0.2953993 0.2137179 0.2086463 0.2071230 0.2100377 0.2475543 0.2357696 0.1819098 0.1819098 0.1999739 0.2204385 0.1269238 0.1235951 0.0703599 0.0794273 0.1702452 0.1214690 0.0000010 0.0000010 0.0000000 0.0000010 0.0544357 0.0813731 0.1201339 0.1110629 0.0700690 0.1034245 0.1029226 0.0688317 0.0700690 0.0448199 0.0525186 0.0481717 0.0673312 0.0859902 0.0778078 0.0681153 0.0675669 0.0556824 0.0675669 0.0675669 0.0675669 0.0769502 0.0411106 
SarpetNIOCCY8|Sarcinomyces_petricola_NIOCCY8             2.8488199 2.5631235 0.8132100 0.3863573 0.3863573 0.4079458 0.4917734 0.4262905 0.3895892 0.3078889 0.3085420 0.3595398 0.2947584 0.2753473 0.2588825 0.3003878 0.2957547 0.2713930 0.3032528 0.2910183 0.2084555 0.2086463 0.2069943 0.2507558 0.2475543 0.2357696 0.1819098 0.1819098 0.2001591 0.2197293 0.1269238 0.1180593 0.0771605 0.0841391 0.1702452 0.1522485 0.0000010 0.0000010 0.0000010 0.0000000 0.0544357 0.0861284 0.1201339 0.1145888 0.0676488 0.1072459 0.1029226 0.0688317 0.0750389 0.0519911 0.0525186 0.0481717 0.0822547 0.0913187 0.0824914 0.0681153 0.0648109 0.0556824 0.0675669 0.0675669 0.0675669 0.0847332 0.0411106 
KnuspF1A|Knufia_sp._F1A                                  2.9173157 3.1505750 0.6831299 0.4062949 0.4062949 0.4077213 0.3140314 0.3018788 0.2370782 0.2367442 0.2248716 0.2410684 0.2248716 0.2839836 0.2127319 0.2388671 0.2694361 0.1918105 0.3019106 0.2906829 0.2032773 0.2680142 0.2054235 0.1963094 0.2462020 0.2351917 0.2056471 0.2056471 0.1872711 0.2081857 0.1396797 0.1364545 0.0807415 0.0812624 0.1285550 0.1086853 0.0544357 0.0544357 0.0544357 0.0544357 0.0000000 0.0380859 0.1179534 0.0895265 0.0640211 0.1192927 0.0981514 0.0547540 0.0737952 0.0471173 0.0467234 0.0503734 0.0714028 0.0819893 0.0827157 0.0634115 0.0716696 0.0592784 0.0716696 0.0716696 0.0716696 0.0814591 0.0341246 
KnutsuFMR10621|Knufia_tsunedae_FMR_10621                 2.7723529 2.2319251 0.6535823 0.4077763 0.4077763 0.4091776 0.3207774 0.2455644 0.2529317 0.2786554 0.2657669 0.2840043 0.2657669 0.3340704 0.2296072 0.2271219 0.2570070 0.2040867 0.3451706 0.2885952 0.1859916 0.2884374 0.1973477 0.2306176 0.2642993 0.2604951 0.2075813 0.2075813 0.1809435 0.2001293 0.1663056 0.1575068 0.1059480 0.1015417 0.1436863 0.1692515 0.0813731 0.0813731 0.0813731 0.0861284 0.0380859 0.0000000 0.1426454 0.1006581 0.0697863 0.1004891 0.0999049 0.0821362 0.0511363 0.0871228 0.0821362 0.0502081 0.1322528 0.0774843 0.0749652 0.1099589 0.1212464 0.0771379 0.1099589 0.1099589 0.1099589 0.0624719 0.0429582 
KnuspMV2018|Knufia_sp._MV-2018                           3.1059720 3.8332100 0.6397845 0.5830146 0.5830146 0.5032370 0.3466897 0.3957927 0.3047155 0.3205015 0.2941734 0.3532689 0.3068185 0.3271899 0.2621054 0.2437578 0.2520119 0.2077619 0.2372427 0.2867406 0.2838226 0.2331335 0.2195148 0.1850239 0.2352292 0.2487016 0.1825479 0.1825479 0.2090191 0.2182304 0.2108169 0.1582411 0.1258199 0.1171751 0.0610094 0.1123967 0.1201339 0.1201339 0.1201339 0.1201339 0.1179534 0.1426454 0.0000000 0.0935857 0.0792794 0.1238056 0.1127863 0.1046030 0.1074995 0.0955896 0.0947836 0.0660001 0.0523815 0.0614013 0.0619109 0.0441185 0.0437728 0.0309168 0.0437728 0.0437728 0.0437728 0.0957856 0.0242738 
KnuperCBS88595|Knufia_perforans_CBS_885.95               3.2547658 2.0178008 0.6083234 0.4639002 0.4639002 0.4232154 0.4059806 0.3372450 0.3409258 0.3687414 0.3453339 0.4185384 0.3589197 0.3080049 0.1912975 0.2542902 0.2701215 0.2312371 0.3393704 0.2434608 0.2555209 0.2312143 0.1397382 0.1767240 0.2363292 0.2131573 0.1818077 0.1818077 0.1248035 0.1406842 0.1792349 0.1192838 0.0771398 0.0799868 0.1043321 0.1285233 0.1110629 0.1110629 0.1110629 0.1145888 0.0895265 0.1006581 0.0935857 0.0000000 0.0806762 0.0747652 0.0932365 0.0774765 0.0999742 0.1040829 0.0525438 0.0480924 0.0855803 0.0578589 0.0535479 0.0520735 0.0680856 0.0389835 0.0595803 0.0595803 0.0595803 0.0931484 0.0159364 
KnucalCGMCC317222|Knufia_calcarecola_CGMCC_3.17222       2.6199623 2.0326403 0.6856532 0.4366698 0.4366698 0.4584743 0.3590842 0.3538581 0.2330217 0.2450959 0.2456037 0.2884257 0.2332374 0.2880242 0.1906773 0.2293731 0.2455989 0.1962695 0.2256452 0.2470774 0.1680407 0.1803838 0.1764665 0.2086529 0.2365250 0.2049322 0.1233905 0.1233905 0.1253526 0.1423049 0.1527540 0.1214975 0.0889361 0.0755526 0.0997919 0.0878575 0.0700690 0.0700690 0.0700690 0.0676488 0.0640211 0.0697863 0.0792794 0.0806762 0.0000000 0.0423628 0.0143623 0.0544684 0.0356081 0.0284669 0.0377284 0.0156890 0.0747300 0.0519404 0.0425667 0.0450897 0.0493796 0.0154752 0.0528308 0.0528308 0.0528308 0.0860854 0.0240894 
KnuspLS-2015bCGMCC317301|Knufia_sp._LS-2015bCGMCC3.17301 3.3806589 1.4248942 0.6018865 0.4634204 0.4634204 0.4845001 0.3839803 0.3411745 0.2849678 0.3048704 0.3327641 0.3880660 0.3181517 0.3585851 0.2074133 0.2636288 0.2647989 0.2396548 0.2475809 0.2037165 0.1826808 0.1545820 0.1680215 0.2090353 0.2507023 0.2234898 0.1318552 0.1318552 0.1247031 0.1405703 0.1792349 0.1375390 0.0772815 0.0801252 0.1080011 0.1483857 0.1034245 0.1034245 0.1034245 0.1072459 0.1192927 0.1004891 0.1238056 0.0747652 0.0423628 0.0000000 0.0216288 0.0879343 0.1004777 0.1293492 0.0778168 0.0397036 0.1199063 0.0816375 0.0674656 0.0941732 0.0999653 0.0471898 0.0941732 0.0941732 0.0941732 0.1115999 0.0324381 
KnucheGS100178|Knufia_chersonesos_GS10017-8              2.8392398 2.4584585 0.6083558 0.4608876 0.4608876 0.4819443 0.3471272 0.4110328 0.2534199 0.2713617 0.2972737 0.3467850 0.2837397 0.3516011 0.2265819 0.2623189 0.2634775 0.2384462 0.2193802 0.2507165 0.1784778 0.1753111 0.1935203 0.1973387 0.2344463 0.1992842 0.1503677 0.1503677 0.1534176 0.1721175 0.1792349 0.1478050 0.0710102 0.0801701 0.0972932 0.1016888 0.1029226 0.1029226 0.1029226 0.1029226 0.0981514 0.0999049 0.1127863 0.0932365 0.0143623 0.0216288 0.0000000 0.0780757 0.0532231 0.0529429 0.0605735 0.0397036 0.0944812 0.0767571 0.0690050 0.0763412 0.0843464 0.0471898 0.0843464 0.0843464 0.0843464 0.1122533 0.0324381 
KnukarCCFEE6001|Knufia_karalitana_CCFEE_6001             3.2569103 3.1629593 0.6620185 0.4042290 0.4042290 0.4284726 0.4306888 0.4337275 0.2916579 0.3386228 0.3266771 0.3639497 0.3119389 0.2894410 0.2366706 0.2575573 0.2572851 0.2341198 0.2497746 0.2666144 0.1883481 0.1979688 0.1938551 0.1965453 0.2332969 0.2218818 0.1639696 0.1639696 0.1578193 0.1771274 0.1563879 0.1270169 0.0801018 0.0895489 0.0854443 0.1047379 0.0688317 0.0688317 0.0688317 0.0688317 0.0547540 0.0821362 0.1046030 0.0774765 0.0544684 0.0879343 0.0780757 0.0000000 0.0300577 0.0072225 0.0071667 0.0077461 0.0619354 0.0706695 0.0712694 0.0532202 0.0527895 0.0486042 0.0527895 0.0527895 0.0527895 0.0618250 0.0247433 
KnukarCCFEE5732|Knufia_karalitana_CCFEE_5732             2.8296632 2.1186877 0.6082927 0.4786991 0.4786991 0.4614060 0.3953340 0.3837226 0.2922046 0.3266164 0.3273424 0.3831571 0.3125553 0.3240302 0.2479688 0.2550876 0.2562183 0.2310527 0.2666224 0.3033119 0.1868219 0.2170500 0.1915854 0.2350040 0.2694517 0.2517525 0.1540572 0.1540572 0.1719214 0.1892075 0.1245458 0.2036222 0.0968438 0.1162417 0.1102716 0.1321725 0.0700690 0.0700690 0.0700690 0.0750389 0.0737952 0.0511363 0.1074995 0.0999742 0.0356081 0.1004777 0.0532231 0.0300577 0.0000000 0.0551932 0.0219711 0.0000010 0.1411794 0.0430828 0.0989623 0.0700432 0.1193017 0.0394057 0.0700432 0.0700432 0.0700432 0.0367733 0.0160397 
KnukarCCFEE5921|Knufia_karalitana_CCFEE_5921             3.0156422 2.6306683 0.6108362 0.4083627 0.4083627 0.3955721 0.4041919 0.4703882 0.2769109 0.3099824 0.3106634 0.3638446 0.2963554 0.2758633 0.3283534 0.2694202 0.2706521 0.2447953 0.2449715 0.3422162 0.2068878 0.1894098 0.2112849 0.2585374 0.2546979 0.2377249 0.1431591 0.1431591 0.2017985 0.2206393 0.1245458 0.1858968 0.0807724 0.1008090 0.0979727 0.1118232 0.0448199 0.0448199 0.0448199 0.0519911 0.0471173 0.0871228 0.0955896 0.1040829 0.0284669 0.1293492 0.0529429 0.0072225 0.0551932 0.0000000 0.0000010 0.0000010 0.1058701 0.0692969 0.1298488 0.0448110 0.0959579 0.0394057 0.0448110 0.0448110 0.0448110 0.0535542 0.0160397 
KnukarCBS139720|Knufia_karalitana_CBS_139720             2.9177562 2.8326750 0.6025351 0.4245749 0.4245749 0.4108378 0.3881116 0.3907144 0.2740974 0.3067067 0.3073746 0.3596775 0.2932500 0.2729630 0.2321811 0.2665624 0.2677652 0.2422280 0.2548480 0.2693664 0.2035750 0.1999412 0.2088910 0.2118473 0.2521241 0.2377249 0.1523346 0.1523346 0.1447879 0.1634434 0.1245458 0.1293450 0.0801018 0.0895489 0.0971272 0.0948990 0.0525186 0.0525186 0.0525186 0.0525186 0.0467234 0.0821362 0.0947836 0.0525438 0.0377284 0.0778168 0.0605735 0.0071667 0.0219711 0.0000010 0.0000000 0.0000010 0.0532202 0.0611639 0.0616699 0.0444543 0.0444543 0.0394057 0.0444543 0.0444543 0.0444543 0.0531176 0.0160397 
KnukarCCFEE5929|Knufia_karalitana_CCFEE_5929             3.4300783 2.6618332 0.6330064 0.4347745 0.4347745 0.4194273 0.3593527 0.3593527 0.2586345 0.2874432 0.2881000 0.3408921 0.2736567 0.2572424 0.2263704 0.2357635 0.2504826 0.2108795 0.2281095 0.2527684 0.1690894 0.1824737 0.1938203 0.1938203 0.2473501 0.2321999 0.1231306 0.1231306 0.1142265 0.1331599 0.1245458 0.1303964 0.0774881 0.0780201 0.0864016 0.0839395 0.0481717 0.0481717 0.0481717 0.0481717 0.0503734 0.0502081 0.0660001 0.0480924 0.0156890 0.0397036 0.0397036 0.0077461 0.0000010 0.0000010 0.0000010 0.0000000 0.0404538 0.0314851 0.0314851 0.0314851 0.0314851 0.0314851 0.0314851 0.0314851 0.0314851 0.0153725 0.0160397 
KnumarCCFEE5721|Knufia_marmoricola_CCFEE_5721            2.9972303 2.7471928 0.7393793 0.4712389 0.4712389 0.4549479 0.3767926 0.3724723 0.3421525 0.3089705 0.3096256 0.3607052 0.2958287 0.2619607 0.2631306 0.2655134 0.2933459 0.2286870 0.2930246 0.3089767 0.2345734 0.2355161 0.2364494 0.2361492 0.2506879 0.2647670 0.1950857 0.1950857 0.1993102 0.2178842 0.1269238 0.1438571 0.0865163 0.0903467 0.1061851 0.1337591 0.0673312 0.0673312 0.0673312 0.0822547 0.0714028 0.1322528 0.0523815 0.0855803 0.0747300 0.1199063 0.0944812 0.0619354 0.1411794 0.1058701 0.0532202 0.0404538 0.0000000 0.0523175 0.0560447 0.0070898 0.0197063 0.0075873 0.0070360 0.0070360 0.0070360 0.0773144 0.0161704 
KnumarCCFEE5923|Knufia_marmoricola_CCFEE_5923            2.7631514 2.3494982 0.6641982 0.5163660 0.5163660 0.4969173 0.3561978 0.3007021 0.2988320 0.2884563 0.2890735 0.3383377 0.2755214 0.3256642 0.2149270 0.2120827 0.2371494 0.1784495 0.3136853 0.2509026 0.2082461 0.2377981 0.1950178 0.1902593 0.2261114 0.2371132 0.1734437 0.1734437 0.1658846 0.1841760 0.1269238 0.1544966 0.0954474 0.0860506 0.0988994 0.1390825 0.0859902 0.0859902 0.0859902 0.0913187 0.0819893 0.0774843 0.0614013 0.0578589 0.0519404 0.0816375 0.0767571 0.0706695 0.0430828 0.0692969 0.0611639 0.0314851 0.0523175 0.0000000 0.0000010 0.0289901 0.0431533 0.0000010 0.0289901 0.0289901 0.0289901 0.0286733 0.0078649 
KnumarCCFEE5725|Knufia_marmoricola_CCFEE_5725            2.8524975 1.6548181 0.6736415 0.4981702 0.4981702 0.4797203 0.3601767 0.2691034 0.3019472 0.2914640 0.2920931 0.3421629 0.2783702 0.3292336 0.2257077 0.2142481 0.2396212 0.1802348 0.3031772 0.2262819 0.1976700 0.2265966 0.1896558 0.1986638 0.2283648 0.2371132 0.1639255 0.1639255 0.1519338 0.1685787 0.1269238 0.1307766 0.0870855 0.0732489 0.0997768 0.1403025 0.0778078 0.0778078 0.0778078 0.0824914 0.0827157 0.0749652 0.0619109 0.0535479 0.0425667 0.0674656 0.0690050 0.0712694 0.0989623 0.1298488 0.0616699 0.0314851 0.0560447 0.0000010 0.0000000 0.0292180 0.0401445 0.0000010 0.0292180 0.0292180 0.0292180 0.0288963 0.0078649 
KnumarCCFEE5716|Knufia_marmoricola_CCFEE_5716            2.9408559 3.3162982 0.6915017 0.4616690 0.4616690 0.4457188 0.3528484 0.3857577 0.3093336 0.2989434 0.2995802 0.3497829 0.2859003 0.2661187 0.2284426 0.2497383 0.2766255 0.2140229 0.2769529 0.2891655 0.2395311 0.2209685 0.1951463 0.1754633 0.2360333 0.2471145 0.1825613 0.1825613 0.1750489 0.1944741 0.1269238 0.1280357 0.0793406 0.0712276 0.0961986 0.1027215 0.0681153 0.0681153 0.0681153 0.0681153 0.0634115 0.1099589 0.0441185 0.0520735 0.0450897 0.0941732 0.0763412 0.0532202 0.0700432 0.0448110 0.0444543 0.0314851 0.0070898 0.0289901 0.0292180 0.0000000 0.0000010 0.0000010 0.0000010 0.0000010 0.0000010 0.0606755 0.0078649 
KnumarCCFEE5902|Knufia_marmoricola_CCFEE_5902            3.0316411 2.3200126 0.6964962 0.4750149 0.4750149 0.4584174 0.3930401 0.3535730 0.3212554 0.3107806 0.3114435 0.3630592 0.2975324 0.2634148 0.2305747 0.2471661 0.2737173 0.2118618 0.2741528 0.2742394 0.2334606 0.2187768 0.2050882 0.2266441 0.2337272 0.2471145 0.1809019 0.1809019 0.1733423 0.1907894 0.1269238 0.1119454 0.0956940 0.0811305 0.0953829 0.1395621 0.0675669 0.0675669 0.0675669 0.0648109 0.0716696 0.1212464 0.0437728 0.0680856 0.0493796 0.0999653 0.0843464 0.0527895 0.1193017 0.0959579 0.0444543 0.0314851 0.0197063 0.0431533 0.0401445 0.0000010 0.0000000 0.0000010 0.0000010 0.0000010 0.0000010 0.0677758 0.0078649 
KnumarCBS139726|Knufia_marmoricola_CBS_139726            3.2643295 2.8722312 0.6944201 0.4723678 0.4723678 0.4546942 0.3197122 0.3503884 0.2939622 0.2830770 0.2837145 0.3351333 0.2695597 0.2757738 0.2072097 0.2165995 0.2434866 0.1806493 0.2614629 0.2599322 0.1924872 0.1902776 0.1783554 0.1673577 0.2180411 0.2271516 0.1418624 0.1418624 0.1328782 0.1521353 0.1269238 0.1173593 0.0668800 0.0583652 0.0755079 0.0822990 0.0556824 0.0556824 0.0556824 0.0556824 0.0592784 0.0771379 0.0309168 0.0389835 0.0154752 0.0471898 0.0471898 0.0486042 0.0394057 0.0394057 0.0394057 0.0314851 0.0075873 0.0000010 0.0000010 0.0000010 0.0000010 0.0000000 0.0000010 0.0000010 0.0000010 0.0229272 0.0078649 
