43
FunspTRN471|Fungal_sp._TRN471                            0.0000000 1.1358240 1.1904442 1.1904442 1.2206137 1.1784940 1.2286307 1.1946794 1.2461968 1.0995347 2.9006723 8.1370968 3.8283038 2.5015514 2.1910424 2.8197063 1.7123829 1.3779085 1.6589865 1.6589865 1.7797063 1.5597728 1.5597728 1.2978457 1.4607698 1.5710674 1.3247297 1.3247297 1.3247297 1.3247297 1.3247297 1.3247297 1.3247297 1.3247297 1.3735362 1.5607995 1.3545992 1.3545992 1.3545992 1.3545992 1.3545992 1.3545992 1.3545992 
Clasp115|Cladosporium_sp._115                            1.1358240 0.0000000 0.3979802 0.4179841 0.3750654 0.3815931 0.3968777 0.3315947 0.3419916 0.3562486 5.2193690 5.6562582 6.8138070 4.2253129 4.0409437 5.7051082 2.2502843 2.5139146 2.8048786 2.8967723 3.2543355 3.3403190 3.9111331 2.7266203 2.8708127 3.0645489 2.6543068 2.6543068 2.6543068 2.6543068 2.6543068 2.6543068 2.6543068 2.6543068 2.6543068 2.7828855 2.7269755 2.7269755 2.7269755 2.7269755 2.7269755 2.7269755 2.7269755 
BonspMCF2|Bonordeniella_sp._MCF2                         1.1904442 0.3979802 0.0000000 0.0076233 0.0397583 0.0648790 0.0563817 0.0393887 0.0559129 0.0475952 2.7909785 3.6476743 3.5862101 3.1668234 2.9998901 2.3022833 1.1423123 1.5795937 1.1580559 1.1580559 2.5117567 2.6300943 2.6300943 2.0871793 2.1465161 2.3623644 2.0031795 2.0031795 2.0031795 2.0031795 2.0031795 2.0031795 2.0031795 2.0031795 2.0031795 2.2593308 1.9876398 1.9876398 1.9876398 1.9876398 1.9876398 1.9876398 1.9876398 
ConapoCBS35297|Coniosporium_apollinis_CBS                1.1904442 0.4179841 0.0076233 0.0000000 0.0483117 0.0739239 0.0652554 0.0478579 0.0647125 0.0562280 2.8225051 3.6909988 3.6231228 3.2005341 3.0312848 2.3249418 1.1423123 1.5795937 1.1580559 1.1580559 2.5386108 2.6021398 2.6021398 2.0643708 2.1465161 2.3376466 1.9817685 1.9817685 1.9817685 1.9817685 1.9817685 1.9817685 1.9817685 1.9817685 1.9817685 2.2359944 1.9663810 1.9663810 1.9663810 1.9663810 1.9663810 1.9663810 1.9663810 
ConapoMG3|Coniosporium_apollinis_MG3                     1.2206137 0.3750654 0.0397583 0.0483117 0.0000000 0.0569195 0.0484523 0.0315850 0.0480438 0.0397583 3.3259230 5.3151892 4.4456550 3.9080551 3.6726494 2.7621710 1.4585728 2.2216021 1.4789597 1.4789597 2.9496005 2.9071983 2.9071983 2.3007339 2.3663298 2.6003746 2.2013304 2.2013304 2.2013304 2.2013304 2.2013304 2.2013304 2.2013304 2.2013304 2.2013304 2.4813010 2.1839952 2.1839952 2.1839952 2.1839952 2.1839952 2.1839952 2.1839952 
UncfunCMH294|Uncultured_fungus_CMH294                    1.1784940 0.3815931 0.0648790 0.0739239 0.0569195 0.0000000 0.0075642 0.0563817 0.0563817 0.0315591 2.9906952 3.6248218 3.8051022 3.1477345 2.9816130 2.4133872 1.1315801 1.5623671 1.1472509 1.1472509 2.4946024 2.6124908 2.6124908 2.0710089 2.1302190 2.3458950 1.9877087 1.9877087 1.9877087 1.9877087 1.9877087 1.9877087 1.9877087 1.9877087 1.9877087 2.2434234 1.9722247 1.9722247 1.9722247 1.9722247 1.9722247 1.9722247 1.9722247 
UncfunC12001|Uncultured_fungus_C1_2001                   1.2286307 0.3968777 0.0563817 0.0652554 0.0484523 0.0075642 0.0000000 0.0479964 0.0479964 0.0235058 2.9906952 3.6248218 3.8051022 3.1477345 2.9816130 2.4133872 1.1315801 1.5623671 1.1472509 1.1472509 2.4946024 2.6124908 2.6124908 2.0710089 2.1302190 2.3458950 1.9877087 1.9877087 1.9877087 1.9877087 1.9877087 1.9877087 1.9877087 1.9877087 1.9877087 2.2434234 1.9722247 1.9722247 1.9722247 1.9722247 1.9722247 1.9722247 1.9722247 
ConspMA4666|Coniosporium_sp._MA4666                      1.1946794 0.3315947 0.0393887 0.0478579 0.0315850 0.0563817 0.0479964 0.0000000 0.0309671 0.0230691 3.0413110 4.4715188 4.2679786 3.7604013 3.5413315 2.6588381 1.3092856 1.9090536 1.3273804 1.3273804 2.9496008 3.0949842 3.0949842 2.4459582 2.5160028 2.7612865 2.3360557 2.3360557 2.3360557 2.3360557 2.3360557 2.3360557 2.3360557 2.3360557 2.3360557 2.6312029 2.3175440 2.3175440 2.3175440 2.3175440 2.3175440 2.3175440 2.3175440 
UncConCHiv50|Uncultured_Coniosporium_CHiv50              1.2461968 0.3419916 0.0559129 0.0647125 0.0480438 0.0563817 0.0479964 0.0309671 0.0000000 0.0230691 3.0068341 4.4189751 4.3556891 3.8008076 3.5790558 2.8413756 1.2417267 1.7726918 1.2588135 1.2588135 2.7725061 2.9071976 2.9071976 2.3007339 2.3663298 2.6003747 2.2013304 2.2013304 2.2013304 2.2013304 2.2013304 2.2013304 2.2013304 2.2013304 2.2013304 2.4813010 2.1839952 2.1839952 2.1839952 2.1839952 2.1839952 2.1839952 2.1839952 
UncDikPA2009E20|Uncultured_Dikarya_PA2009E20             1.0995347 0.3562486 0.0475952 0.0562280 0.0397583 0.0315591 0.0235058 0.0230691 0.0230691 0.0000000 3.2524997 4.8633692 4.2679786 3.5183358 3.3212517 2.6588381 1.2417267 1.7726918 1.2588135 1.2588135 2.7725061 2.9071976 2.9071976 2.3007339 2.3663298 2.6003747 2.2013304 2.2013304 2.2013304 2.2013304 2.2013304 2.2013304 2.2013304 2.2013304 2.2013304 2.4813010 2.1839952 2.1839952 2.1839952 2.1839952 2.1839952 2.1839952 2.1839952 
RacmcmCCFEE5211|Rachicladosporium_mcmurdoi_CCFEE         2.9006723 5.2193690 2.7909785 2.8225051 3.3259230 2.9906952 2.9906952 3.0413110 3.0068341 3.2524997 0.0000000 0.2275828 1.2980890 1.0452473 0.8342189 0.9293181 1.3636292 1.0433662 1.4661139 1.4661139 0.7472028 0.9295214 1.0183470 0.7317831 0.6963630 0.8227910 0.6826449 0.6826449 0.6826449 0.6826449 0.6826449 0.6826449 0.6826449 0.6826449 0.6826449 0.7466161 0.6826449 0.6826449 0.6826449 0.6826449 0.6826449 0.6826449 0.6826449 
RacspCC2021a|Rachicladosporium_sp._CC-2021a              8.1370968 5.6562582 3.6476743 3.6909988 5.3151892 3.6248218 3.6248218 4.4715188 4.4189751 4.8633692 0.2275828 0.0000000 1.1469783 0.9658611 1.0268606 0.9761994 1.2610942 0.9038930 1.2648418 1.2648418 0.7951533 1.1172494 1.1172494 0.9560152 1.0012309 0.8555897 0.9330151 0.9330151 0.9330151 0.9330151 0.9330151 0.9330151 0.9330151 0.9330151 0.9330151 0.8309205 0.9253044 0.9253044 0.9253044 0.9253044 0.9253044 0.9253044 0.9253044 
RacameCBS124774|Rachicladosporium_americanum_CBS_124774  3.8283038 6.8138070 3.5862101 3.6231228 4.4456550 3.8051022 3.8051022 4.2679786 4.3556891 4.2679786 1.2980890 1.1469783 0.0000000 0.4134721 0.3927396 0.4233297 1.2461660 0.7905528 1.1613395 1.1613395 1.0745175 1.1547628 1.1547628 0.9579584 0.9769779 1.0200000 0.9164415 0.9164415 0.9164415 0.9164415 0.9164415 0.9164415 0.9164415 0.9164415 0.9164415 0.9909614 0.9094857 0.9094857 0.9094857 0.9094857 0.9094857 0.9094857 0.9094857 
RaccboCBS125424|Rachicladosporium_cboliae_CBS            2.5015514 4.2253129 3.1668234 3.2005341 3.9080551 3.1477345 3.1477345 3.7604013 3.8008076 3.5183358 1.0452473 0.9658611 0.4134721 0.0000000 0.1633191 0.4488341 0.8957355 0.7581139 0.9656162 0.9063112 0.8010041 0.8145417 0.9420610 0.7640011 0.7557335 0.9094630 0.7117185 0.7117185 0.7117185 0.7117185 0.7117185 0.7117185 0.7117185 0.7117185 0.7117185 0.8421887 0.7281163 0.7281163 0.7281163 0.7281163 0.7281163 0.7281163 0.7281163 
RaclucCBS12162|Rachicladosporium_luculiae_CBS            2.1910424 4.0409437 2.9998901 3.0312848 3.6726494 2.9816130 2.9816130 3.5413315 3.5790558 3.3212517 0.8342189 1.0268606 0.3927396 0.1633191 0.0000000 0.3993928 1.2544969 1.0561957 1.4084802 1.3403832 0.7249031 0.7567217 0.8759053 0.6421303 0.7409866 0.8651268 0.6975241 0.6975241 0.6975241 0.6975241 0.6975241 0.6975241 0.6975241 0.6975241 0.7240924 0.8016041 0.7138127 0.7138127 0.7138127 0.7138127 0.7138127 0.7138127 0.7138127 
RaceucCBS138900|Rachicladosporium_eucalypti_CBS_138900   2.8197063 5.7051082 2.3022833 2.3249418 2.7621710 2.4133872 2.4133872 2.6588381 2.8413756 2.6588381 0.9293181 0.9761994 0.4233297 0.4488341 0.3993928 0.0000000 1.1675723 0.8944438 1.1005235 1.1005235 0.6515179 0.6996284 0.6996284 0.5531123 0.5992884 0.6318305 0.5653795 0.5653795 0.5653795 0.5653795 0.5653795 0.5653795 0.5653795 0.5653795 0.5928138 0.6165496 0.5604793 0.5604793 0.5604793 0.5604793 0.5604793 0.5604793 0.5604793 
OlemirEXF13080|Oleoguttula_mirabilis_EXF-13080           1.7123829 2.2502843 1.1423123 1.1423123 1.4585728 1.1315801 1.1315801 1.3092856 1.2417267 1.2417267 1.3636292 1.2610942 1.2461660 0.8957355 1.2544969 1.1675723 0.0000000 0.0119530 0.0093914 0.0093914 0.8502468 0.8112307 0.8112307 0.6039712 0.6523023 0.7164530 0.5925116 0.5925116 0.5925116 0.5925116 0.5925116 0.5925116 0.5925116 0.5925116 0.5925116 0.6953669 0.5865608 0.5865608 0.5865608 0.5865608 0.5865608 0.5865608 0.5865608 
OlemirCCFEE5523|Oleoguttula_mirabilis_CCFEE              1.3779085 2.5139146 1.5795937 1.5795937 2.2216021 1.5623671 1.5623671 1.9090536 1.7726918 1.7726918 1.0433662 0.9038930 0.7905528 0.7581139 1.0561957 0.8944438 0.0119530 0.0000000 0.0000010 0.0000010 0.4735982 0.4716395 0.4716395 0.4716395 0.4560641 0.4282004 0.4282004 0.4282004 0.4282004 0.4282004 0.4282004 0.4282004 0.4282004 0.4282004 0.4282004 0.4282004 0.4282004 0.4282004 0.4282004 0.4282004 0.4282004 0.4282004 0.4282004 
OlespUFMGCB12624|Oleoguttula_sp._UFMGCB12624             1.6589865 2.8048786 1.1580559 1.1580559 1.4789597 1.1472509 1.1472509 1.3273804 1.2588135 1.2588135 1.4661139 1.2648418 1.1613395 0.9656162 1.4084802 1.1005235 0.0093914 0.0000010 0.0000000 0.0000010 0.8535167 0.8149676 0.9702835 0.5600533 0.6060530 0.8472380 0.5503024 0.5503024 0.5503024 0.5503024 0.5503024 0.5503024 0.5503024 0.5503024 0.5503024 0.7000600 0.5447034 0.5447034 0.5447034 0.5447034 0.5447034 0.5447034 0.5447034 
OlemirCCFEE5522|Oleoguttula_mirabilis_CCFEE              1.6589865 2.8967723 1.1580559 1.1580559 1.4789597 1.1472509 1.1472509 1.3273804 1.2588135 1.2588135 1.4661139 1.2648418 1.1613395 0.9063112 1.3403832 1.1005235 0.0093914 0.0000010 0.0000010 0.0000000 0.8535167 0.8149676 0.9917416 0.5600533 0.6060530 0.8472380 0.5503024 0.5503024 0.5503024 0.5503024 0.5503024 0.5503024 0.5503024 0.5503024 0.5503024 0.7000600 0.5447034 0.5447034 0.5447034 0.5447034 0.5447034 0.5447034 0.5447034 
ClasphaCBS1935|Cladosporium_sphaerospermum_CBS           1.7797063 3.2543355 2.5117567 2.5386108 2.9496005 2.4946024 2.4946024 2.9496008 2.7725061 2.7725061 0.7472028 0.7951533 1.0745175 0.8010041 0.7249031 0.6515179 0.8502468 0.4735982 0.8535167 0.8535167 0.0000000 0.1474084 0.1474084 0.0971740 0.1216376 0.1031541 0.1093172 0.1093172 0.1093172 0.1093172 0.1093172 0.1093172 0.1093172 0.1093172 0.1093172 0.1040101 0.1115631 0.1115631 0.1115631 0.1115631 0.1115631 0.1115631 0.1115631 
ClasubCBS113754|Cladosporium_subtilissimum_CBS_113754    1.5597728 3.3403190 2.6300943 2.6021398 2.9071983 2.6124908 2.6124908 3.0949842 2.9071976 2.9071976 0.9295214 1.1172494 1.1547628 0.8145417 0.7567217 0.6996284 0.8112307 0.4716395 0.8149676 0.8149676 0.1474084 0.0000000 0.0000010 0.0786246 0.1246734 0.0951044 0.1008909 0.1008909 0.1008909 0.1008909 0.1008909 0.1008909 0.1008909 0.1008909 0.1008909 0.1050771 0.1128300 0.1128300 0.1128300 0.1128300 0.1128300 0.1128300 0.1128300 
ClaherCBS121626|Cladosporium_herbaroides_CBS_121626      1.5597728 3.9111331 2.6300943 2.6021398 2.9071983 2.6124908 2.6124908 3.0949842 2.9071976 2.9071976 1.0183470 1.1172494 1.1547628 0.9420610 0.8759053 0.6996284 0.8112307 0.4716395 0.9702835 0.9917416 0.1474084 0.0000010 0.0000000 0.0786246 0.1246734 0.0921399 0.1008909 0.1008909 0.1008909 0.1008909 0.1008909 0.1008909 0.1008909 0.1008909 0.1008909 0.1050771 0.1128300 0.1128300 0.1128300 0.1128300 0.1128300 0.1128300 0.1128300 
ClaphaCBS128769|Cladosporium_phaenocomae_CBS             1.2978457 2.7266203 2.0871793 2.0643708 2.3007339 2.0710089 2.0710089 2.4459582 2.3007339 2.3007339 0.7317831 0.9560152 0.9579584 0.7640011 0.6421303 0.5531123 0.6039712 0.4716395 0.5600533 0.5600533 0.0971740 0.0786246 0.0786246 0.0000000 0.0361757 0.0266321 0.0266321 0.0266321 0.0266321 0.0266321 0.0266321 0.0266321 0.0266321 0.0266321 0.0266321 0.0360269 0.0360269 0.0360269 0.0360269 0.0360269 0.0360269 0.0360269 0.0360269 
ClaflaCBS126345|Cladosporium_flabelliforme_CBS           1.4607698 2.8708127 2.1465161 2.1465161 2.3663298 2.1302190 2.1302190 2.5160028 2.3663298 2.3663298 0.6963630 1.0012309 0.9769779 0.7557335 0.7409866 0.5992884 0.6523023 0.4560641 0.6060530 0.6060530 0.1216376 0.1246734 0.1246734 0.0361757 0.0000000 0.0086345 0.0172256 0.0172256 0.0172256 0.0172256 0.0172256 0.0172256 0.0172256 0.0172256 0.0172256 0.0262015 0.0262015 0.0262015 0.0262015 0.0262015 0.0262015 0.0262015 0.0262015 
ClaxanCPC1160|Cladosporium_xantochromaticum_CPC_11609    1.5710674 3.0645489 2.3623644 2.3376466 2.6003746 2.3458950 2.3458950 2.7612865 2.6003747 2.6003747 0.8227910 0.8555897 1.0200000 0.9094630 0.8651268 0.6318305 0.7164530 0.4282004 0.8472380 0.8472380 0.1031541 0.0951044 0.0921399 0.0266321 0.0086345 0.0000000 0.0000010 0.0000010 0.0000010 0.0000010 0.0000010 0.0000010 0.0000010 0.0000010 0.0000010 0.0080977 0.0085987 0.0085987 0.0085987 0.0085987 0.0085987 0.0085987 0.0085987 
ClapiniCBS124456|Cladosporium_pini-ponderosae_CBS        1.3247297 2.6543068 2.0031795 1.9817685 2.2013304 1.9877087 1.9877087 2.3360557 2.2013304 2.2013304 0.6826449 0.9330151 0.9164415 0.7117185 0.6975241 0.5653795 0.5925116 0.4282004 0.5503024 0.5503024 0.1093172 0.1008909 0.1008909 0.0266321 0.0172256 0.0000010 0.0000000 0.0000010 0.0000010 0.0000010 0.0000010 0.0000010 0.0000010 0.0000010 0.0000010 0.0085115 0.0085115 0.0085115 0.0085115 0.0085115 0.0085115 0.0085115 0.0085115 
ClavarCBS126362|Cladosporium_varians_CBS                 1.3247297 2.6543068 2.0031795 1.9817685 2.2013304 1.9877087 1.9877087 2.3360557 2.2013304 2.2013304 0.6826449 0.9330151 0.9164415 0.7117185 0.6975241 0.5653795 0.5925116 0.4282004 0.5503024 0.5503024 0.1093172 0.1008909 0.1008909 0.0266321 0.0172256 0.0000010 0.0000010 0.0000000 0.0000010 0.0000010 0.0000010 0.0000010 0.0000010 0.0000010 0.0000010 0.0085115 0.0085115 0.0085115 0.0085115 0.0085115 0.0085115 0.0085115 0.0085115 
ClascaCBS126358|Cladosporium_scabrellum_CBS              1.3247297 2.6543068 2.0031795 1.9817685 2.2013304 1.9877087 1.9877087 2.3360557 2.2013304 2.2013304 0.6826449 0.9330151 0.9164415 0.7117185 0.6975241 0.5653795 0.5925116 0.4282004 0.5503024 0.5503024 0.1093172 0.1008909 0.1008909 0.0266321 0.0172256 0.0000010 0.0000010 0.0000010 0.0000000 0.0000010 0.0000010 0.0000010 0.0000010 0.0000010 0.0000010 0.0085115 0.0085115 0.0085115 0.0085115 0.0085115 0.0085115 0.0085115 0.0085115 
ClaphyCBS126355|Cladosporium_phyllactiniicola_CBS        1.3247297 2.6543068 2.0031795 1.9817685 2.2013304 1.9877087 1.9877087 2.3360557 2.2013304 2.2013304 0.6826449 0.9330151 0.9164415 0.7117185 0.6975241 0.5653795 0.5925116 0.4282004 0.5503024 0.5503024 0.1093172 0.1008909 0.1008909 0.0266321 0.0172256 0.0000010 0.0000010 0.0000010 0.0000010 0.0000000 0.0000010 0.0000010 0.0000010 0.0000010 0.0000010 0.0085115 0.0085115 0.0085115 0.0085115 0.0085115 0.0085115 0.0085115 0.0085115 
ClamyrCBS126350|Cladosporium_myrtacearum_CBS             1.3247297 2.6543068 2.0031795 1.9817685 2.2013304 1.9877087 1.9877087 2.3360557 2.2013304 2.2013304 0.6826449 0.9330151 0.9164415 0.7117185 0.6975241 0.5653795 0.5925116 0.4282004 0.5503024 0.5503024 0.1093172 0.1008909 0.1008909 0.0266321 0.0172256 0.0000010 0.0000010 0.0000010 0.0000010 0.0000010 0.0000000 0.0000010 0.0000010 0.0000010 0.0000010 0.0085115 0.0085115 0.0085115 0.0085115 0.0085115 0.0085115 0.0085115 0.0085115 
ClairaCBS126346|Cladosporium_iranicum_CBS                1.3247297 2.6543068 2.0031795 1.9817685 2.2013304 1.9877087 1.9877087 2.3360557 2.2013304 2.2013304 0.6826449 0.9330151 0.9164415 0.7117185 0.6975241 0.5653795 0.5925116 0.4282004 0.5503024 0.5503024 0.1093172 0.1008909 0.1008909 0.0266321 0.0172256 0.0000010 0.0000010 0.0000010 0.0000010 0.0000010 0.0000010 0.0000000 0.0000010 0.0000010 0.0000010 0.0085115 0.0085115 0.0085115 0.0085115 0.0085115 0.0085115 0.0085115 0.0085115 
ClaaspCBS126340|Cladosporium_asperulatum_CBS             1.3247297 2.6543068 2.0031795 1.9817685 2.2013304 1.9877087 1.9877087 2.3360557 2.2013304 2.2013304 0.6826449 0.9330151 0.9164415 0.7117185 0.6975241 0.5653795 0.5925116 0.4282004 0.5503024 0.5503024 0.1093172 0.1008909 0.1008909 0.0266321 0.0172256 0.0000010 0.0000010 0.0000010 0.0000010 0.0000010 0.0000010 0.0000010 0.0000000 0.0000010 0.0000010 0.0085115 0.0085115 0.0085115 0.0085115 0.0085115 0.0085115 0.0085115 0.0085115 
ClaperCBS125996|Cladosporium_perangustum_CBS             1.3247297 2.6543068 2.0031795 1.9817685 2.2013304 1.9877087 1.9877087 2.3360557 2.2013304 2.2013304 0.6826449 0.9330151 0.9164415 0.7117185 0.6975241 0.5653795 0.5925116 0.4282004 0.5503024 0.5503024 0.1093172 0.1008909 0.1008909 0.0266321 0.0172256 0.0000010 0.0000010 0.0000010 0.0000010 0.0000010 0.0000010 0.0000010 0.0000010 0.0000000 0.0000010 0.0085115 0.0085115 0.0085115 0.0085115 0.0085115 0.0085115 0.0085115 0.0085115 
ClacolCBS27480B|Cladosporium_colombiae_CBS               1.3735362 2.6543068 2.0031795 1.9817685 2.2013304 1.9877087 1.9877087 2.3360557 2.2013304 2.2013304 0.6826449 0.9330151 0.9164415 0.7117185 0.7240924 0.5928138 0.5925116 0.4282004 0.5503024 0.5503024 0.1093172 0.1008909 0.1008909 0.0266321 0.0172256 0.0000010 0.0000010 0.0000010 0.0000010 0.0000010 0.0000010 0.0000010 0.0000010 0.0000010 0.0000000 0.0085115 0.0085115 0.0085115 0.0085115 0.0085115 0.0085115 0.0085115 0.0085115 
ClasilCBS109082|Cladosporium_silenes_CBS_109082          1.5607995 2.7828855 2.2593308 2.2359944 2.4813010 2.2434234 2.2434234 2.6312029 2.4813010 2.4813010 0.7466161 0.8309205 0.9909614 0.8421887 0.8016041 0.6165496 0.6953669 0.4282004 0.7000600 0.7000600 0.1040101 0.1050771 0.1050771 0.0360269 0.0262015 0.0080977 0.0085115 0.0085115 0.0085115 0.0085115 0.0085115 0.0085115 0.0085115 0.0085115 0.0085115 0.0000000 0.0000010 0.0000010 0.0000010 0.0000010 0.0000010 0.0000010 0.0000010 
ClaacaCBS125982|Cladosporium_acalyphae_CBS               1.3545992 2.7269755 1.9876398 1.9663810 2.1839952 1.9722247 1.9722247 2.3175440 2.1839952 2.1839952 0.6826449 0.9253044 0.9094857 0.7281163 0.7138127 0.5604793 0.5865608 0.4282004 0.5447034 0.5447034 0.1115631 0.1128300 0.1128300 0.0360269 0.0262015 0.0085987 0.0085115 0.0085115 0.0085115 0.0085115 0.0085115 0.0085115 0.0085115 0.0085115 0.0085115 0.0000010 0.0000000 0.0000010 0.0000010 0.0000010 0.0000010 0.0000010 0.0000010 
ClatenCBS125995|Cladosporium_tenuissimum_CBS             1.3545992 2.7269755 1.9876398 1.9663810 2.1839952 1.9722247 1.9722247 2.3175440 2.1839952 2.1839952 0.6826449 0.9253044 0.9094857 0.7281163 0.7138127 0.5604793 0.5865608 0.4282004 0.5447034 0.5447034 0.1115631 0.1128300 0.1128300 0.0360269 0.0262015 0.0085987 0.0085115 0.0085115 0.0085115 0.0085115 0.0085115 0.0085115 0.0085115 0.0085115 0.0085115 0.0000010 0.0000010 0.0000000 0.0000010 0.0000010 0.0000010 0.0000010 0.0000010 
ClasubCBS12655|Cladosporium_subuliforme_CBS              1.3545992 2.7269755 1.9876398 1.9663810 2.1839952 1.9722247 1.9722247 2.3175440 2.1839952 2.1839952 0.6826449 0.9253044 0.9094857 0.7281163 0.7138127 0.5604793 0.5865608 0.4282004 0.5447034 0.5447034 0.1115631 0.1128300 0.1128300 0.0360269 0.0262015 0.0085987 0.0085115 0.0085115 0.0085115 0.0085115 0.0085115 0.0085115 0.0085115 0.0085115 0.0085115 0.0000010 0.0000010 0.0000010 0.0000000 0.0000010 0.0000010 0.0000010 0.0000010 
ClaverrCBS126363|Cladosporium_verrucocladosporioides_CBS 1.3545992 2.7269755 1.9876398 1.9663810 2.1839952 1.9722247 1.9722247 2.3175440 2.1839952 2.1839952 0.6826449 0.9253044 0.9094857 0.7281163 0.7138127 0.5604793 0.5865608 0.4282004 0.5447034 0.5447034 0.1115631 0.1128300 0.1128300 0.0360269 0.0262015 0.0085987 0.0085115 0.0085115 0.0085115 0.0085115 0.0085115 0.0085115 0.0085115 0.0085115 0.0085115 0.0000010 0.0000010 0.0000010 0.0000010 0.0000000 0.0000010 0.0000010 0.0000010 
ClaxylCBS125997|Cladosporium_xylophilum_CBS              1.3545992 2.7269755 1.9876398 1.9663810 2.1839952 1.9722247 1.9722247 2.3175440 2.1839952 2.1839952 0.6826449 0.9253044 0.9094857 0.7281163 0.7138127 0.5604793 0.5865608 0.4282004 0.5447034 0.5447034 0.1115631 0.1128300 0.1128300 0.0360269 0.0262015 0.0085987 0.0085115 0.0085115 0.0085115 0.0085115 0.0085115 0.0085115 0.0085115 0.0085115 0.0085115 0.0000010 0.0000010 0.0000010 0.0000010 0.0000010 0.0000000 0.0000010 0.0000010 
ClarecCBS125994|Cladosporium_rectoides_CBS               1.3545992 2.7269755 1.9876398 1.9663810 2.1839952 1.9722247 1.9722247 2.3175440 2.1839952 2.1839952 0.6826449 0.9253044 0.9094857 0.7281163 0.7138127 0.5604793 0.5865608 0.4282004 0.5447034 0.5447034 0.1115631 0.1128300 0.1128300 0.0360269 0.0262015 0.0085987 0.0085115 0.0085115 0.0085115 0.0085115 0.0085115 0.0085115 0.0085115 0.0085115 0.0085115 0.0000010 0.0000010 0.0000010 0.0000010 0.0000010 0.0000010 0.0000000 0.0000010 
ClapseCBS125993|Cladosporium_pseudocladosporioides_CBS   1.3545992 2.7269755 1.9876398 1.9663810 2.1839952 1.9722247 1.9722247 2.3175440 2.1839952 2.1839952 0.6826449 0.9253044 0.9094857 0.7281163 0.7138127 0.5604793 0.5865608 0.4282004 0.5447034 0.5447034 0.1115631 0.1128300 0.1128300 0.0360269 0.0262015 0.0085987 0.0085115 0.0085115 0.0085115 0.0085115 0.0085115 0.0085115 0.0085115 0.0085115 0.0085115 0.0000010 0.0000010 0.0000010 0.0000010 0.0000010 0.0000010 0.0000010 0.0000000 
