43
FunspTRN471|Fungal_sp._TRN471                            0.0000000 0.3124397 0.3367237 0.3340187 0.3382727 0.3382727 0.2953111 0.3043084 0.3042673 0.2712652 2.9611972 2.6115071 3.4203497 1.6672393 1.8430015 1.9838596 2.0232212 2.5308419 3.6876941 2.5308419 1.3934072 1.6089426 1.2947839 1.6089426 1.2290450 1.5194692 1.5162568 1.5162568 1.5162568 1.5162568 1.5162568 1.4348721 1.5162568 1.5162568 1.5162568 1.5162568 1.5162568 1.5162568 1.5162568 1.5162568 1.5162568 1.6875698 1.5897484 
Clasp115|Cladosporium_sp._115                            0.3124397 0.0000000 0.1429423 0.1625893 0.1667018 0.1667018 0.1340798 0.1406729 0.1312535 0.1178906 1.9501777 1.7367270 2.7455433 1.5495938 1.8326161 1.7443597 2.0753382 2.4373479 3.0594220 2.4373479 1.4023388 1.3557446 1.3557446 1.3557446 1.2810873 1.2810873 1.2810873 1.2810873 1.2810873 1.2810873 1.2810873 1.2810873 1.2810873 1.2810873 1.2810873 1.2810873 1.2810873 1.2810873 1.2810873 1.2810873 1.2810873 1.3554002 1.3403678 
UncDikPA2009E20|Uncultured_Dikarya_PA2009E20             0.3367237 0.1429423 0.0000000 0.1015902 0.0340233 0.0340233 0.0258536 0.1021120 0.0254026 0.0818104 1.9120197 1.6992870 2.3510988 1.6326129 1.9435470 1.8463495 2.1512537 2.5684864 3.4795722 2.5684864 1.2244624 1.1598010 1.1598010 1.1598010 1.0968136 1.0968136 1.0968136 1.0968136 1.0968136 1.0968136 1.0968136 1.0968136 1.0968136 1.0968136 1.0968136 1.0968136 1.0968136 1.0968136 1.0968136 1.0968136 1.0968136 1.1089611 1.0968136 
ConapoCBS35297|Coniosporium_apollinis_CBS                0.3340187 0.1625893 0.1015902 0.0000000 0.1018084 0.1018084 0.0733813 0.0338898 0.0720109 0.0337407 1.9902291 1.6791337 2.7366941 1.7850008 2.0231920 1.9211817 2.1193888 2.3999274 3.3504730 2.3999274 1.3910305 1.4080302 1.4080302 1.4080302 1.3289090 1.3289090 1.3289090 1.3289090 1.3289090 1.3289090 1.3289090 1.3289090 1.3289090 1.3289090 1.3289090 1.3289090 1.3289090 1.3289090 1.3289090 1.3289090 1.3289090 1.4076362 1.3289090 
UncfunCMH294|Uncultured_fungus_CMH294                    0.3382727 0.1667018 0.0340233 0.1018084 0.0000000 0.0000010 0.0258931 0.1023329 0.0254406 0.0819731 2.1586327 1.8121525 2.6679969 1.8291811 2.0783750 1.9716011 2.1841590 2.4691531 3.0720424 2.4691531 1.3552900 1.2249152 1.2249152 1.2249152 1.1577350 1.1577350 1.1577350 1.1577350 1.1577350 1.1577350 1.1577350 1.1577350 1.1577350 1.1577350 1.1577350 1.1577350 1.1577350 1.1577350 1.1577350 1.1577350 1.1577350 1.2246572 1.1577350 
UncfunC12001|Uncultured_fungus_C1_2001                   0.3382727 0.1667018 0.0340233 0.1018084 0.0000010 0.0000000 0.0258931 0.1023329 0.0254406 0.0819731 2.1586327 1.8121525 2.6679969 1.8291811 2.0783750 1.9716011 2.1841590 2.4691531 3.0720424 2.4691531 1.3552900 1.2249152 1.2249152 1.2249152 1.1577350 1.1577350 1.1577350 1.1577350 1.1577350 1.1577350 1.1577350 1.1577350 1.1577350 1.1577350 1.1577350 1.1577350 1.1577350 1.1577350 1.1577350 1.1577350 1.1577350 1.2246572 1.1577350 
UncConCHiv50|Uncultured_Coniosporium_CHiv50              0.2953111 0.1340798 0.0258536 0.0733813 0.0258931 0.0258931 0.0000000 0.0737473 0.0000010 0.0541666 2.0315530 1.7064824 2.5102416 1.6382025 2.0661153 1.9590763 2.0451615 2.3301652 2.8842445 2.3301652 1.2803049 1.2959838 1.2959838 1.2959838 1.2230272 1.2230272 1.2230272 1.2230272 1.2230272 1.2230272 1.2230272 1.2230272 1.2230272 1.2230272 1.2230272 1.2230272 1.2230272 1.2230272 1.2230272 1.2230272 1.2230272 1.2956746 1.2230272 
BonspMCF2|Bonordeniella_sp._MCF2                         0.3043084 0.1406729 0.1021120 0.0338898 0.1023329 0.1023329 0.0737473 0.0000000 0.0723629 0.0166981 1.9134422 1.6165437 2.4823811 1.7187510 1.9448763 1.8479387 1.9168265 2.1929591 3.0602755 2.1929591 1.3438047 1.3601046 1.3601046 1.3601046 1.2842434 1.2842434 1.2842434 1.2842434 1.2842434 1.2842434 1.2842434 1.2842434 1.2842434 1.2842434 1.2842434 1.2842434 1.2842434 1.2842434 1.2842434 1.2842434 1.2842434 1.3597523 1.2842434 
ConspMA4666|Coniosporium_sp._MA4666                      0.3042673 0.1312535 0.0254026 0.0720109 0.0254406 0.0254406 0.0000010 0.0723629 0.0000000 0.0531732 1.8877681 1.5959005 2.3179834 1.5363040 2.0051248 1.8235349 1.8891392 2.1641943 2.6476757 2.1641943 1.2659637 1.2809468 1.2809468 1.2809468 1.2111531 1.2111531 1.2111531 1.2111531 1.2111531 1.2111531 1.2111531 1.2111531 1.2111531 1.2111531 1.2111531 1.2111531 1.2111531 1.2111531 1.2111531 1.2111531 1.2111531 1.2806575 1.2111531 
ConapoMG3|Coniosporium_apollinis_MG3                     0.2712652 0.1178906 0.0818104 0.0337407 0.0819731 0.0819731 0.0541666 0.0166981 0.0531732 0.0000000 1.8877681 1.5959005 2.1978178 1.5363040 1.9186607 1.8235349 1.7861837 2.0579129 2.6476757 2.0579129 1.2126854 1.2270982 1.2270982 1.2270982 1.1599280 1.1599280 1.1599280 1.1599280 1.1599280 1.1599280 1.1599280 1.1599280 1.1599280 1.1599280 1.1599280 1.1599280 1.1599280 1.1599280 1.1599280 1.1599280 1.1599280 1.2268395 1.1599280 
RacmcmCCFEE5211|Rachicladosporium_mcmurdoi_CCFEE         2.9611972 1.9501777 1.9120197 1.9902291 2.1586327 2.1586327 2.0315530 1.9134422 1.8877681 1.8877681 0.0000000 0.1062602 0.4967937 0.3326601 0.3023775 0.2582701 0.6267022 0.8081550 0.5528890 0.8081550 0.3717350 0.3992876 0.4596789 0.3992876 0.4351924 0.3646549 0.3759354 0.3759354 0.3759354 0.3759354 0.3759354 0.3925026 0.3759354 0.3759354 0.3759354 0.3759354 0.3759354 0.3759354 0.3759354 0.3759354 0.3759354 0.3535391 0.3759354 
RacspCC2021a|Rachicladosporium_sp._CC-2021a              2.6115071 1.7367270 1.6992870 1.6791337 1.8121525 1.8121525 1.7064824 1.6165437 1.5959005 1.5959005 0.1062602 0.0000000 0.5451950 0.3915137 0.3862283 0.3528898 0.6499278 0.7478349 0.5868141 0.7478349 0.3390452 0.3624837 0.3791305 0.3624837 0.3565090 0.3565090 0.3402325 0.3402325 0.3402325 0.3402325 0.3402325 0.3565090 0.3402325 0.3402325 0.3402325 0.3402325 0.3402325 0.3402325 0.3402325 0.3402325 0.3402325 0.3626146 0.3402325 
RaccboCBS125424|Rachicladosporium_cboliae_CBS            3.4203497 2.7455433 2.3510988 2.7366941 2.6679969 2.6679969 2.5102416 2.4823811 2.3179834 2.1978178 0.4967937 0.5451950 0.0000000 0.1936477 0.3282622 0.1908436 0.6808070 0.7163945 0.4942735 0.7163945 0.3099475 0.3158077 0.3820711 0.3158077 0.4043403 0.4043695 0.3361589 0.3361589 0.3361589 0.3361589 0.3361589 0.3717379 0.3361589 0.3361589 0.3361589 0.3361589 0.3361589 0.3361589 0.3361589 0.3361589 0.3361589 0.2988937 0.3185508 
RaclucCBS12162|Rachicladosporium_luculiae_CBS            1.6672393 1.5495938 1.6326129 1.7850008 1.8291811 1.8291811 1.6382025 1.7187510 1.5363040 1.5363040 0.3326601 0.3915137 0.1936477 0.0000000 0.1863604 0.0691946 0.5417082 0.6961602 0.4942735 0.6961602 0.2976990 0.2503278 0.2793338 0.2503278 0.2817014 0.2817014 0.2524368 0.2524368 0.2524368 0.2524368 0.2524368 0.2817014 0.2524368 0.2524368 0.2524368 0.2524368 0.2524368 0.2524368 0.2524368 0.2524368 0.2524368 0.2876399 0.2686314 
RaceucCBS138900|Rachicladosporium_eucalypti_CBS_138900   1.8430015 1.8326161 1.9435470 2.0231920 2.0783750 2.0783750 2.0661153 1.9448763 2.0051248 1.9186607 0.3023775 0.3862283 0.3282622 0.1863604 0.0000000 0.1205724 0.6634178 0.8378542 0.6907440 0.8378542 0.3440054 0.3156177 0.3479243 0.3156177 0.3701104 0.3701104 0.3369251 0.3369251 0.3369251 0.3369251 0.3369251 0.3701104 0.3369251 0.3369251 0.3369251 0.3369251 0.3369251 0.3369251 0.3369251 0.3369251 0.3369251 0.3340059 0.3557990 
RacameCBS124774|Rachicladosporium_americanum_CBS_124774  1.9838596 1.7443597 1.8463495 1.9211817 1.9716011 1.9716011 1.9590763 1.8479387 1.8235349 1.8235349 0.2582701 0.3528898 0.1908436 0.0691946 0.1205724 0.0000000 0.5133267 0.6725486 0.4515551 0.6725486 0.2928560 0.2827527 0.3127157 0.2827527 0.3154094 0.3154094 0.2851763 0.2851763 0.2851763 0.2851763 0.2851763 0.3154094 0.2851763 0.2851763 0.2851763 0.2851763 0.2851763 0.2851763 0.2851763 0.2851763 0.2851763 0.2828992 0.3020847 
OlemirEXF13080|Oleoguttula_mirabilis_EXF-13080           2.0232212 2.0753382 2.1512537 2.1193888 2.1841590 2.1841590 2.0451615 1.9168265 1.8891392 1.7861837 0.6267022 0.6499278 0.6808070 0.5417082 0.6634178 0.5133267 0.0000000 0.0111667 0.0196877 0.0111667 0.4869775 0.5384572 0.5384572 0.5384572 0.5445215 0.5445215 0.5445215 0.5445215 0.5445215 0.5445215 0.5445215 0.5445215 0.5445215 0.5445215 0.5445215 0.5445215 0.5445215 0.5445215 0.5445215 0.5445215 0.5445215 0.5728735 0.5728735 
OlemirCCFEE5523|Oleoguttula_mirabilis_CCFEE              2.5308419 2.4373479 2.5684864 2.3999274 2.4691531 2.4691531 2.3301652 2.1929591 2.1641943 2.0579129 0.8081550 0.7478349 0.7163945 0.6961602 0.8378542 0.6725486 0.0111667 0.0000000 0.0000010 0.0000010 0.6120544 0.6019439 0.6309957 0.6019439 0.6373567 0.6373567 0.6080075 0.6080075 0.6080075 0.6080075 0.6080075 0.6373567 0.6080075 0.6080075 0.6080075 0.6080075 0.6080075 0.6080075 0.6080075 0.6080075 0.6080075 0.6698212 0.6350849 
OlespUFMGCB12624|Oleoguttula_sp._UFMGCB12624             3.6876941 3.0594220 3.4795722 3.3504730 3.0720424 3.0720424 2.8842445 3.0602755 2.6476757 2.6476757 0.5528890 0.5868141 0.4942735 0.4942735 0.6907440 0.4515551 0.0196877 0.0000010 0.0000000 0.0000010 0.3007922 0.4156870 0.4156870 0.4156870 0.4234473 0.4234473 0.4234473 0.4234473 0.4234473 0.4234473 0.4234473 0.4234473 0.4234473 0.4234473 0.4234473 0.4234473 0.4234473 0.4234473 0.4234473 0.4234473 0.4234473 0.4234473 0.4234473 
OlemirCCFEE5522|Oleoguttula_mirabilis_CCFEE              2.5308419 2.4373479 2.5684864 2.3999274 2.4691531 2.4691531 2.3301652 2.1929591 2.1641943 2.0579129 0.8081550 0.7478349 0.7163945 0.6961602 0.8378542 0.6725486 0.0111667 0.0000010 0.0000010 0.0000000 0.6120544 0.6019439 0.6309957 0.6019439 0.6373567 0.6373567 0.6080075 0.6080075 0.6080075 0.6080075 0.6080075 0.6373567 0.6080075 0.6080075 0.6080075 0.6080075 0.6080075 0.6080075 0.6080075 0.6080075 0.6080075 0.6698212 0.6350849 
ClasphaCBS1935|Cladosporium_sphaerospermum_CBS           1.3934072 1.4023388 1.2244624 1.3910305 1.3552900 1.3552900 1.2803049 1.3438047 1.2659637 1.2126854 0.3717350 0.3390452 0.3099475 0.2976990 0.3440054 0.2928560 0.4869775 0.6120544 0.3007922 0.6120544 0.0000000 0.0955869 0.0883731 0.0955869 0.0775109 0.1748153 0.0837425 0.0837425 0.0837425 0.0837425 0.0837425 0.0825152 0.0837425 0.0837425 0.0837425 0.0837425 0.0837425 0.0837425 0.0837425 0.0837425 0.0837425 0.0613884 0.0726388 
ClaphaCBS128769|Cladosporium_phaenocomae_CBS             1.6089426 1.3557446 1.1598010 1.4080302 1.2249152 1.2249152 1.2959838 1.3601046 1.2809468 1.2270982 0.3992876 0.3624837 0.3158077 0.2503278 0.3156177 0.2827527 0.5384572 0.6019439 0.4156870 0.6019439 0.0955869 0.0000000 0.0000010 0.0000010 0.0096858 0.0096858 0.0096858 0.0096858 0.0096858 0.0096858 0.0096858 0.0096858 0.0096858 0.0096858 0.0096858 0.0096858 0.0096858 0.0096858 0.0096858 0.0096858 0.0096858 0.0297303 0.0195338 
ClasubCBS113754|Cladosporium_subtilissimum_CBS_113754    1.2947839 1.3557446 1.1598010 1.4080302 1.2249152 1.2249152 1.2959838 1.3601046 1.2809468 1.2270982 0.4596789 0.3791305 0.3820711 0.2793338 0.3479243 0.3127157 0.5384572 0.6309957 0.4156870 0.6309957 0.0883731 0.0000010 0.0000000 0.0000010 0.0090170 0.0474421 0.0096858 0.0096858 0.0096858 0.0096858 0.0096858 0.0095594 0.0096858 0.0096858 0.0096858 0.0096858 0.0096858 0.0096858 0.0096858 0.0096858 0.0096858 0.0297303 0.0195338 
ClaherCBS121626|Cladosporium_herbaroides_CBS_121626      1.6089426 1.3557446 1.1598010 1.4080302 1.2249152 1.2249152 1.2959838 1.3601046 1.2809468 1.2270982 0.3992876 0.3624837 0.3158077 0.2503278 0.3156177 0.2827527 0.5384572 0.6019439 0.4156870 0.6019439 0.0955869 0.0000010 0.0000010 0.0000000 0.0096858 0.0096858 0.0096858 0.0096858 0.0096858 0.0096858 0.0096858 0.0096858 0.0096858 0.0096858 0.0096858 0.0096858 0.0096858 0.0096858 0.0096858 0.0096858 0.0096858 0.0297303 0.0195338 
ClasilCBS109082|Cladosporium_silenes_CBS_109082          1.2290450 1.2810873 1.0968136 1.3289090 1.1577350 1.1577350 1.2230272 1.2842434 1.2111531 1.1599280 0.4351924 0.3565090 0.4043403 0.2817014 0.3701104 0.3154094 0.5445215 0.6373567 0.4234473 0.6373567 0.0775109 0.0096858 0.0090170 0.0096858 0.0000000 0.0374657 0.0000010 0.0000010 0.0000010 0.0000010 0.0000010 0.0000010 0.0000010 0.0000010 0.0000010 0.0000010 0.0000010 0.0000010 0.0000010 0.0000010 0.0000010 0.0195558 0.0096386 
ClascaCBS126358|Cladosporium_scabrellum_CBS              1.5194692 1.2810873 1.0968136 1.3289090 1.1577350 1.1577350 1.2230272 1.2842434 1.2111531 1.1599280 0.3646549 0.3565090 0.4043695 0.2817014 0.3701104 0.3154094 0.5445215 0.6373567 0.4234473 0.6373567 0.1748153 0.0096858 0.0474421 0.0096858 0.0374657 0.0000000 0.0000010 0.0000010 0.0000010 0.0000010 0.0000010 0.0000010 0.0000010 0.0000010 0.0000010 0.0000010 0.0000010 0.0000010 0.0000010 0.0000010 0.0000010 0.0195558 0.0096386 
ClaacaCBS125982|Cladosporium_acalyphae_CBS               1.5162568 1.2810873 1.0968136 1.3289090 1.1577350 1.1577350 1.2230272 1.2842434 1.2111531 1.1599280 0.3759354 0.3402325 0.3361589 0.2524368 0.3369251 0.2851763 0.5445215 0.6080075 0.4234473 0.6080075 0.0837425 0.0096858 0.0096858 0.0096858 0.0000010 0.0000010 0.0000000 0.0000010 0.0000010 0.0000010 0.0000010 0.0000010 0.0000010 0.0000010 0.0000010 0.0000010 0.0000010 0.0000010 0.0000010 0.0000010 0.0000010 0.0195558 0.0096386 
ClapiniCBS124456|Cladosporium_pini-ponderosae_CBS        1.5162568 1.2810873 1.0968136 1.3289090 1.1577350 1.1577350 1.2230272 1.2842434 1.2111531 1.1599280 0.3759354 0.3402325 0.3361589 0.2524368 0.3369251 0.2851763 0.5445215 0.6080075 0.4234473 0.6080075 0.0837425 0.0096858 0.0096858 0.0096858 0.0000010 0.0000010 0.0000010 0.0000000 0.0000010 0.0000010 0.0000010 0.0000010 0.0000010 0.0000010 0.0000010 0.0000010 0.0000010 0.0000010 0.0000010 0.0000010 0.0000010 0.0195558 0.0096386 
ClacolCBS27480B|Cladosporium_colombiae_CBS               1.5162568 1.2810873 1.0968136 1.3289090 1.1577350 1.1577350 1.2230272 1.2842434 1.2111531 1.1599280 0.3759354 0.3402325 0.3361589 0.2524368 0.3369251 0.2851763 0.5445215 0.6080075 0.4234473 0.6080075 0.0837425 0.0096858 0.0096858 0.0096858 0.0000010 0.0000010 0.0000010 0.0000010 0.0000000 0.0000010 0.0000010 0.0000010 0.0000010 0.0000010 0.0000010 0.0000010 0.0000010 0.0000010 0.0000010 0.0000010 0.0000010 0.0195558 0.0096386 
ClasubCBS12655|Cladosporium_subuliforme_CBS              1.5162568 1.2810873 1.0968136 1.3289090 1.1577350 1.1577350 1.2230272 1.2842434 1.2111531 1.1599280 0.3759354 0.3402325 0.3361589 0.2524368 0.3369251 0.2851763 0.5445215 0.6080075 0.4234473 0.6080075 0.0837425 0.0096858 0.0096858 0.0096858 0.0000010 0.0000010 0.0000010 0.0000010 0.0000010 0.0000000 0.0000010 0.0000010 0.0000010 0.0000010 0.0000010 0.0000010 0.0000010 0.0000010 0.0000010 0.0000010 0.0000010 0.0195558 0.0096386 
ClaverrCBS126363|Cladosporium_verrucocladosporioides_CBS 1.5162568 1.2810873 1.0968136 1.3289090 1.1577350 1.1577350 1.2230272 1.2842434 1.2111531 1.1599280 0.3759354 0.3402325 0.3361589 0.2524368 0.3369251 0.2851763 0.5445215 0.6080075 0.4234473 0.6080075 0.0837425 0.0096858 0.0096858 0.0096858 0.0000010 0.0000010 0.0000010 0.0000010 0.0000010 0.0000010 0.0000000 0.0000010 0.0000010 0.0000010 0.0000010 0.0000010 0.0000010 0.0000010 0.0000010 0.0000010 0.0000010 0.0195558 0.0096386 
ClavarCBS126362|Cladosporium_varians_CBS                 1.4348721 1.2810873 1.0968136 1.3289090 1.1577350 1.1577350 1.2230272 1.2842434 1.2111531 1.1599280 0.3925026 0.3565090 0.3717379 0.2817014 0.3701104 0.3154094 0.5445215 0.6373567 0.4234473 0.6373567 0.0825152 0.0096858 0.0095594 0.0096858 0.0000010 0.0000010 0.0000010 0.0000010 0.0000010 0.0000010 0.0000010 0.0000000 0.0000010 0.0000010 0.0000010 0.0000010 0.0000010 0.0000010 0.0000010 0.0000010 0.0000010 0.0195558 0.0096386 
ClaphyCBS126355|Cladosporium_phyllactiniicola_CBS        1.5162568 1.2810873 1.0968136 1.3289090 1.1577350 1.1577350 1.2230272 1.2842434 1.2111531 1.1599280 0.3759354 0.3402325 0.3361589 0.2524368 0.3369251 0.2851763 0.5445215 0.6080075 0.4234473 0.6080075 0.0837425 0.0096858 0.0096858 0.0096858 0.0000010 0.0000010 0.0000010 0.0000010 0.0000010 0.0000010 0.0000010 0.0000010 0.0000000 0.0000010 0.0000010 0.0000010 0.0000010 0.0000010 0.0000010 0.0000010 0.0000010 0.0195558 0.0096386 
ClamyrCBS126350|Cladosporium_myrtacearum_CBS             1.5162568 1.2810873 1.0968136 1.3289090 1.1577350 1.1577350 1.2230272 1.2842434 1.2111531 1.1599280 0.3759354 0.3402325 0.3361589 0.2524368 0.3369251 0.2851763 0.5445215 0.6080075 0.4234473 0.6080075 0.0837425 0.0096858 0.0096858 0.0096858 0.0000010 0.0000010 0.0000010 0.0000010 0.0000010 0.0000010 0.0000010 0.0000010 0.0000010 0.0000000 0.0000010 0.0000010 0.0000010 0.0000010 0.0000010 0.0000010 0.0000010 0.0195558 0.0096386 
ClairaCBS126346|Cladosporium_iranicum_CBS                1.5162568 1.2810873 1.0968136 1.3289090 1.1577350 1.1577350 1.2230272 1.2842434 1.2111531 1.1599280 0.3759354 0.3402325 0.3361589 0.2524368 0.3369251 0.2851763 0.5445215 0.6080075 0.4234473 0.6080075 0.0837425 0.0096858 0.0096858 0.0096858 0.0000010 0.0000010 0.0000010 0.0000010 0.0000010 0.0000010 0.0000010 0.0000010 0.0000010 0.0000010 0.0000000 0.0000010 0.0000010 0.0000010 0.0000010 0.0000010 0.0000010 0.0195558 0.0096386 
ClaflaCBS126345|Cladosporium_flabelliforme_CBS           1.5162568 1.2810873 1.0968136 1.3289090 1.1577350 1.1577350 1.2230272 1.2842434 1.2111531 1.1599280 0.3759354 0.3402325 0.3361589 0.2524368 0.3369251 0.2851763 0.5445215 0.6080075 0.4234473 0.6080075 0.0837425 0.0096858 0.0096858 0.0096858 0.0000010 0.0000010 0.0000010 0.0000010 0.0000010 0.0000010 0.0000010 0.0000010 0.0000010 0.0000010 0.0000010 0.0000000 0.0000010 0.0000010 0.0000010 0.0000010 0.0000010 0.0195558 0.0096386 
ClaaspCBS126340|Cladosporium_asperulatum_CBS             1.5162568 1.2810873 1.0968136 1.3289090 1.1577350 1.1577350 1.2230272 1.2842434 1.2111531 1.1599280 0.3759354 0.3402325 0.3361589 0.2524368 0.3369251 0.2851763 0.5445215 0.6080075 0.4234473 0.6080075 0.0837425 0.0096858 0.0096858 0.0096858 0.0000010 0.0000010 0.0000010 0.0000010 0.0000010 0.0000010 0.0000010 0.0000010 0.0000010 0.0000010 0.0000010 0.0000010 0.0000000 0.0000010 0.0000010 0.0000010 0.0000010 0.0195558 0.0096386 
ClaxylCBS125997|Cladosporium_xylophilum_CBS              1.5162568 1.2810873 1.0968136 1.3289090 1.1577350 1.1577350 1.2230272 1.2842434 1.2111531 1.1599280 0.3759354 0.3402325 0.3361589 0.2524368 0.3369251 0.2851763 0.5445215 0.6080075 0.4234473 0.6080075 0.0837425 0.0096858 0.0096858 0.0096858 0.0000010 0.0000010 0.0000010 0.0000010 0.0000010 0.0000010 0.0000010 0.0000010 0.0000010 0.0000010 0.0000010 0.0000010 0.0000010 0.0000000 0.0000010 0.0000010 0.0000010 0.0195558 0.0096386 
ClaperCBS125996|Cladosporium_perangustum_CBS             1.5162568 1.2810873 1.0968136 1.3289090 1.1577350 1.1577350 1.2230272 1.2842434 1.2111531 1.1599280 0.3759354 0.3402325 0.3361589 0.2524368 0.3369251 0.2851763 0.5445215 0.6080075 0.4234473 0.6080075 0.0837425 0.0096858 0.0096858 0.0096858 0.0000010 0.0000010 0.0000010 0.0000010 0.0000010 0.0000010 0.0000010 0.0000010 0.0000010 0.0000010 0.0000010 0.0000010 0.0000010 0.0000010 0.0000000 0.0000010 0.0000010 0.0195558 0.0096386 
ClarecCBS125994|Cladosporium_rectoides_CBS               1.5162568 1.2810873 1.0968136 1.3289090 1.1577350 1.1577350 1.2230272 1.2842434 1.2111531 1.1599280 0.3759354 0.3402325 0.3361589 0.2524368 0.3369251 0.2851763 0.5445215 0.6080075 0.4234473 0.6080075 0.0837425 0.0096858 0.0096858 0.0096858 0.0000010 0.0000010 0.0000010 0.0000010 0.0000010 0.0000010 0.0000010 0.0000010 0.0000010 0.0000010 0.0000010 0.0000010 0.0000010 0.0000010 0.0000010 0.0000000 0.0000010 0.0195558 0.0096386 
ClapseCBS125993|Cladosporium_pseudocladosporioides_CBS   1.5162568 1.2810873 1.0968136 1.3289090 1.1577350 1.1577350 1.2230272 1.2842434 1.2111531 1.1599280 0.3759354 0.3402325 0.3361589 0.2524368 0.3369251 0.2851763 0.5445215 0.6080075 0.4234473 0.6080075 0.0837425 0.0096858 0.0096858 0.0096858 0.0000010 0.0000010 0.0000010 0.0000010 0.0000010 0.0000010 0.0000010 0.0000010 0.0000010 0.0000010 0.0000010 0.0000010 0.0000010 0.0000010 0.0000010 0.0000010 0.0000000 0.0195558 0.0096386 
ClatenCBS125995|Cladosporium_tenuissimum_CBS             1.6875698 1.3554002 1.1089611 1.4076362 1.2246572 1.2246572 1.2956746 1.3597523 1.2806575 1.2268395 0.3535391 0.3626146 0.2988937 0.2876399 0.3340059 0.2828992 0.5728735 0.6698212 0.4234473 0.6698212 0.0613884 0.0297303 0.0297303 0.0297303 0.0195558 0.0195558 0.0195558 0.0195558 0.0195558 0.0195558 0.0195558 0.0195558 0.0195558 0.0195558 0.0195558 0.0195558 0.0195558 0.0195558 0.0195558 0.0195558 0.0195558 0.0000000 0.0096969 
ClaxanCPC1160|Cladosporium_xantochromaticum_CPC_11609    1.5897484 1.3403678 1.0968136 1.3289090 1.1577350 1.1577350 1.2230272 1.2842434 1.2111531 1.1599280 0.3759354 0.3402325 0.3185508 0.2686314 0.3557990 0.3020847 0.5728735 0.6350849 0.4234473 0.6350849 0.0726388 0.0195338 0.0195338 0.0195338 0.0096386 0.0096386 0.0096386 0.0096386 0.0096386 0.0096386 0.0096386 0.0096386 0.0096386 0.0096386 0.0096386 0.0096386 0.0096386 0.0096386 0.0096386 0.0096386 0.0096386 0.0096969 0.0000000 
