31
ConapoCBS35297|Coniosporium_apollinis_CBS                0.0000000 0.2559230 0.2559230 0.2559230 0.2559230 0.2559230 0.2559230 0.4141774 0.6129284 0.2559230 0.2559230 0.2559230 0.2559230 0.2559230 0.2559230 0.2559230 0.0000010 0.0000010 0.0000010 0.0000010 0.4613361 0.0000010 0.0000010 0.0000010 0.0000010 0.0000010 0.0000010 0.0000010 0.0000010 0.4613361 0.2733786 
UncfunCMH294|Uncultured_fungus_CMH294                    0.2559230 0.0000000 0.0000010 0.0000010 0.0604310 0.0299343 0.0000010 0.0000010 0.0961002 0.0892704 0.0892704 0.0892704 0.0886110 0.0914824 0.0892704 0.0795840 0.0000010 0.0000010 0.0000010 0.0000010 0.0000010 0.0000010 0.0000010 0.0000010 0.0000010 0.0000010 0.0000010 0.0000010 0.0000010 0.0000010 0.0000010 
UncDikPA2009E20|Uncultured_Dikarya_PA2009E20             0.2559230 0.0000010 0.0000000 0.0000010 0.0604310 0.0299343 0.0000010 0.0000010 0.0961002 0.0892704 0.0892704 0.0892704 0.0886110 0.0914824 0.0892704 0.0795840 0.0000010 0.0000010 0.0000010 0.0000010 0.0000010 0.0000010 0.0000010 0.0000010 0.0000010 0.0000010 0.0000010 0.0000010 0.0000010 0.0000010 0.0000010 
ConspMA4666|Coniosporium_sp._MA4666                      0.2559230 0.0000010 0.0000010 0.0000000 0.0604310 0.0299343 0.0000010 0.0000010 0.0961002 0.0949216 0.0949216 0.0949216 0.0949216 0.0949216 0.0949216 0.0795840 0.0000010 0.0000010 0.0000010 0.0000010 0.0000010 0.0000010 0.0000010 0.0000010 0.0000010 0.0000010 0.0000010 0.0000010 0.0000010 0.0000010 0.0000010 
ConapoMG3|Coniosporium_apollinis_MG3                     0.2559230 0.0604310 0.0604310 0.0604310 0.0000000 0.0000010 0.0000010 0.0000010 0.0961002 0.0923262 0.0923262 0.0923262 0.0923262 0.0923262 0.0923262 0.0296764 0.0000010 0.0000010 0.0000010 0.0000010 0.0000010 0.0000010 0.0000010 0.0000010 0.0000010 0.0000010 0.0000010 0.0000010 0.0000010 0.0000010 0.0000010 
UncConCHiv50|Uncultured_Coniosporium_CHiv50              0.2559230 0.0299343 0.0299343 0.0299343 0.0000010 0.0000000 0.0000010 0.0000010 0.0961002 0.0609532 0.0609532 0.0609532 0.0609532 0.0609532 0.0609532 0.0000010 0.0000010 0.0000010 0.0000010 0.0000010 0.0000010 0.0000010 0.0000010 0.0000010 0.0000010 0.0000010 0.0000010 0.0000010 0.0000010 0.0000010 0.0000010 
BonspMCF2|Bonordeniella_sp._MCF2                         0.2559230 0.0000010 0.0000010 0.0000010 0.0000010 0.0000010 0.0000000 0.0000010 0.0961002 0.0000010 0.0000010 0.0000010 0.0000010 0.0000010 0.0000010 0.0000010 0.0000010 0.0000010 0.0000010 0.0000010 0.0000010 0.0000010 0.0000010 0.0000010 0.0000010 0.0000010 0.0000010 0.0000010 0.0000010 0.0000010 0.0000010 
UncfunC12001|Uncultured_fungus_C1_2001                   0.4141774 0.0000010 0.0000010 0.0000010 0.0000010 0.0000010 0.0000010 0.0000000 0.0961002 0.0000010 0.0000010 0.0000010 0.0000010 0.0000010 0.0000010 0.0000010 0.0000010 0.0000010 0.0000010 0.0000010 0.0000010 0.0000010 0.0000010 0.0000010 0.0000010 0.0000010 0.0000010 0.0000010 0.0000010 0.0000010 0.0000010 
RaclucCBS12162|Rachicladosporium_luculiae_CBS            0.6129284 0.0961002 0.0961002 0.0961002 0.0961002 0.0961002 0.0961002 0.0961002 0.0000000 0.0961002 0.0961002 0.0961002 0.0961002 0.0961002 0.0961002 0.0961002 0.1561085 0.1561085 0.1561085 0.1561085 0.0961002 0.1561085 0.1561085 0.1849780 0.1849780 0.1561085 0.1849780 0.1849780 1.5613837 0.0961002 0.0961002 
ClapseCBS125993|Cladosporium_pseudocladosporioides_CBS   0.2559230 0.0892704 0.0892704 0.0949216 0.0923262 0.0609532 0.0000010 0.0000010 0.0961002 0.0000000 0.0000010 0.0000010 0.0000010 0.0000010 0.0000010 0.0438599 0.0000010 0.0000010 0.0000010 0.0000010 0.0000010 0.0000010 0.0000010 0.0000010 0.0000010 0.0000010 0.0000010 0.0000010 0.0000010 0.0000010 0.0000010 
ClarecCBS125994|Cladosporium_rectoides_CBS               0.2559230 0.0892704 0.0892704 0.0949216 0.0923262 0.0609532 0.0000010 0.0000010 0.0961002 0.0000010 0.0000000 0.0000010 0.0000010 0.0000010 0.0000010 0.0438599 0.0000010 0.0000010 0.0000010 0.0000010 0.0000010 0.0000010 0.0000010 0.0000010 0.0000010 0.0000010 0.0000010 0.0000010 0.0000010 0.0000010 0.0000010 
ClaperCBS125996|Cladosporium_perangustum_CBS             0.2559230 0.0892704 0.0892704 0.0949216 0.0923262 0.0609532 0.0000010 0.0000010 0.0961002 0.0000010 0.0000010 0.0000000 0.0000010 0.0000010 0.0000010 0.0438599 0.0000010 0.0000010 0.0000010 0.0000010 0.0000010 0.0000010 0.0000010 0.0000010 0.0000010 0.0000010 0.0000010 0.0000010 0.0000010 0.0000010 0.0000010 
ClaxylCBS125997|Cladosporium_xylophilum_CBS              0.2559230 0.0886110 0.0886110 0.0949216 0.0923262 0.0609532 0.0000010 0.0000010 0.0961002 0.0000010 0.0000010 0.0000010 0.0000000 0.0000010 0.0000010 0.0438599 0.0000010 0.0000010 0.0000010 0.0000010 0.0000010 0.0000010 0.0000010 0.0000010 0.0000010 0.0000010 0.0000010 0.0000010 0.0000010 0.0000010 0.0000010 
ClatenCBS125995|Cladosporium_tenuissimum_CBS             0.2559230 0.0914824 0.0914824 0.0949216 0.0923262 0.0609532 0.0000010 0.0000010 0.0961002 0.0000010 0.0000010 0.0000010 0.0000010 0.0000000 0.0000010 0.0438599 0.0000010 0.0000010 0.0000010 0.0000010 0.0000010 0.0000010 0.0000010 0.0000010 0.0000010 0.0000010 0.0000010 0.0000010 0.0000010 0.0000010 0.0000010 
ClaacaCBS125982|Cladosporium_acalyphae_CBS               0.2559230 0.0892704 0.0892704 0.0949216 0.0923262 0.0609532 0.0000010 0.0000010 0.0961002 0.0000010 0.0000010 0.0000010 0.0000010 0.0000010 0.0000000 0.0438599 0.0000010 0.0000010 0.0000010 0.0000010 0.0000010 0.0000010 0.0000010 0.0000010 0.0000010 0.0000010 0.0000010 0.0000010 0.0000010 0.0000010 0.0000010 
RacameCBS124774|Rachicladosporium_americanum_CBS_124774  0.2559230 0.0795840 0.0795840 0.0795840 0.0296764 0.0000010 0.0000010 0.0000010 0.0961002 0.0438599 0.0438599 0.0438599 0.0438599 0.0438599 0.0438599 0.0000000 0.0000010 0.0000010 0.0000010 0.0000010 0.0000010 0.0000010 0.0000010 0.0000010 0.0000010 0.0000010 0.0000010 0.0000010 0.0000010 0.0000010 0.0000010 
ClaphaCBS128769|Cladosporium_phaenocomae_CBS             0.0000010 0.0000010 0.0000010 0.0000010 0.0000010 0.0000010 0.0000010 0.0000010 0.1561085 0.0000010 0.0000010 0.0000010 0.0000010 0.0000010 0.0000010 0.0000010 0.0000000 0.0000010 0.0000010 0.0000010 0.0000010 0.0000010 0.0000010 0.0000010 0.0000010 0.0000010 0.0000010 0.0000010 0.0000010 0.0000010 0.0000010 
ClapiniCBS124456|Cladosporium_pini-ponderosae_CBS        0.0000010 0.0000010 0.0000010 0.0000010 0.0000010 0.0000010 0.0000010 0.0000010 0.1561085 0.0000010 0.0000010 0.0000010 0.0000010 0.0000010 0.0000010 0.0000010 0.0000010 0.0000000 0.0000010 0.0000010 0.0000010 0.0000010 0.0000010 0.0000010 0.0000010 0.0000010 0.0000010 0.0000010 0.0000010 0.0000010 0.0000010 
ClacolCBS27480B|Cladosporium_colombiae_CBS               0.0000010 0.0000010 0.0000010 0.0000010 0.0000010 0.0000010 0.0000010 0.0000010 0.1561085 0.0000010 0.0000010 0.0000010 0.0000010 0.0000010 0.0000010 0.0000010 0.0000010 0.0000010 0.0000000 0.0000010 0.0000010 0.0000010 0.0000010 0.0000010 0.0000010 0.0000010 0.0000010 0.0000010 0.0000010 0.0000010 0.0000010 
ClasubCBS12655|Cladosporium_subuliforme_CBS              0.0000010 0.0000010 0.0000010 0.0000010 0.0000010 0.0000010 0.0000010 0.0000010 0.1561085 0.0000010 0.0000010 0.0000010 0.0000010 0.0000010 0.0000010 0.0000010 0.0000010 0.0000010 0.0000010 0.0000000 0.0000010 0.0000010 0.0000010 0.0000010 0.0000010 0.0000010 0.0000010 0.0000010 0.0000010 0.0000010 0.0000010 
ClaverrCBS126363|Cladosporium_verrucocladosporioides_CBS 0.4613361 0.0000010 0.0000010 0.0000010 0.0000010 0.0000010 0.0000010 0.0000010 0.0961002 0.0000010 0.0000010 0.0000010 0.0000010 0.0000010 0.0000010 0.0000010 0.0000010 0.0000010 0.0000010 0.0000010 0.0000000 0.0000010 0.0000010 0.0000010 0.0000010 0.0000010 0.0000010 0.0000010 0.0000010 0.0000010 0.0000010 
ClavarCBS126362|Cladosporium_varians_CBS                 0.0000010 0.0000010 0.0000010 0.0000010 0.0000010 0.0000010 0.0000010 0.0000010 0.1561085 0.0000010 0.0000010 0.0000010 0.0000010 0.0000010 0.0000010 0.0000010 0.0000010 0.0000010 0.0000010 0.0000010 0.0000010 0.0000000 0.0000010 0.0000010 0.0000010 0.0000010 0.0000010 0.0000010 0.0000010 0.0000010 0.0000010 
ClascaCBS126358|Cladosporium_scabrellum_CBS              0.0000010 0.0000010 0.0000010 0.0000010 0.0000010 0.0000010 0.0000010 0.0000010 0.1561085 0.0000010 0.0000010 0.0000010 0.0000010 0.0000010 0.0000010 0.0000010 0.0000010 0.0000010 0.0000010 0.0000010 0.0000010 0.0000010 0.0000000 0.0000010 0.0000010 0.0000010 0.0000010 0.0000010 0.0000010 0.0000010 0.0000010 
ClaphyCBS126355|Cladosporium_phyllactiniicola_CBS        0.0000010 0.0000010 0.0000010 0.0000010 0.0000010 0.0000010 0.0000010 0.0000010 0.1849780 0.0000010 0.0000010 0.0000010 0.0000010 0.0000010 0.0000010 0.0000010 0.0000010 0.0000010 0.0000010 0.0000010 0.0000010 0.0000010 0.0000010 0.0000000 0.0000010 0.0000010 0.0000010 0.0000010 0.0000010 0.0000010 0.0000010 
ClamyrCBS126350|Cladosporium_myrtacearum_CBS             0.0000010 0.0000010 0.0000010 0.0000010 0.0000010 0.0000010 0.0000010 0.0000010 0.1849780 0.0000010 0.0000010 0.0000010 0.0000010 0.0000010 0.0000010 0.0000010 0.0000010 0.0000010 0.0000010 0.0000010 0.0000010 0.0000010 0.0000010 0.0000010 0.0000000 0.0000010 0.0000010 0.0000010 0.0000010 0.0000010 0.0000010 
ClairaCBS126346|Cladosporium_iranicum_CBS                0.0000010 0.0000010 0.0000010 0.0000010 0.0000010 0.0000010 0.0000010 0.0000010 0.1561085 0.0000010 0.0000010 0.0000010 0.0000010 0.0000010 0.0000010 0.0000010 0.0000010 0.0000010 0.0000010 0.0000010 0.0000010 0.0000010 0.0000010 0.0000010 0.0000010 0.0000000 0.0000010 0.0000010 0.0000010 0.0000010 0.0000010 
ClaflaCBS126345|Cladosporium_flabelliforme_CBS           0.0000010 0.0000010 0.0000010 0.0000010 0.0000010 0.0000010 0.0000010 0.0000010 0.1849780 0.0000010 0.0000010 0.0000010 0.0000010 0.0000010 0.0000010 0.0000010 0.0000010 0.0000010 0.0000010 0.0000010 0.0000010 0.0000010 0.0000010 0.0000010 0.0000010 0.0000010 0.0000000 0.0000010 0.0000010 0.0000010 0.0000010 
ClaaspCBS126340|Cladosporium_asperulatum_CBS             0.0000010 0.0000010 0.0000010 0.0000010 0.0000010 0.0000010 0.0000010 0.0000010 0.1849780 0.0000010 0.0000010 0.0000010 0.0000010 0.0000010 0.0000010 0.0000010 0.0000010 0.0000010 0.0000010 0.0000010 0.0000010 0.0000010 0.0000010 0.0000010 0.0000010 0.0000010 0.0000010 0.0000000 0.0000010 0.0000010 0.0000010 
RaccboCBS125424|Rachicladosporium_cboliae_CBS            0.0000010 0.0000010 0.0000010 0.0000010 0.0000010 0.0000010 0.0000010 0.0000010 1.5613837 0.0000010 0.0000010 0.0000010 0.0000010 0.0000010 0.0000010 0.0000010 0.0000010 0.0000010 0.0000010 0.0000010 0.0000010 0.0000010 0.0000010 0.0000010 0.0000010 0.0000010 0.0000010 0.0000010 0.0000000 0.0000010 0.0000010 
RaceucCBS138900|Rachicladosporium_eucalypti_CBS_138900   0.4613361 0.0000010 0.0000010 0.0000010 0.0000010 0.0000010 0.0000010 0.0000010 0.0961002 0.0000010 0.0000010 0.0000010 0.0000010 0.0000010 0.0000010 0.0000010 0.0000010 0.0000010 0.0000010 0.0000010 0.0000010 0.0000010 0.0000010 0.0000010 0.0000010 0.0000010 0.0000010 0.0000010 0.0000010 0.0000000 0.0000010 
OlemirEXF13080|Oleoguttula_mirabilis_EXF-13080           0.2733786 0.0000010 0.0000010 0.0000010 0.0000010 0.0000010 0.0000010 0.0000010 0.0961002 0.0000010 0.0000010 0.0000010 0.0000010 0.0000010 0.0000010 0.0000010 0.0000010 0.0000010 0.0000010 0.0000010 0.0000010 0.0000010 0.0000010 0.0000010 0.0000010 0.0000010 0.0000010 0.0000010 0.0000010 0.0000010 0.0000000 
