26
Funend9042|Fungal_endophyte_9042                       0.0000000 9.0000000 1.2353688 9.0000000 9.0000000 9.0000000 9.0000000 9.0000000 1.2353688 1.2353688 1.2353688 1.2353688 1.2353688 1.2353688 1.2353688 9.0000000 1.2353688 1.2353688 9.0000000 1.2353688 1.2353688 1.2353688 0.8534392 0.8534392 1.1099573 1.1099573 
ElscenCBS22250|Elsinoe_centrolobii_CBS                 9.0000000 0.0000000 1.5551160 1.0630166 0.7608202 0.1554641 0.1554641 0.0000010 1.6211707 1.6211707 1.9736689 2.1945947 1.9405687 2.1945947 1.1707467 0.0000010 1.0257961 0.8534392 0.0000010 0.7486519 0.7486519 0.8308354 0.6454604 0.6454604 0.7260752 0.7260752 
DelstroCBS73571|Delphinella_strobiligena_CBS           1.2353688 1.5551160 0.0000000 1.4032736 1.4646178 0.0000010 0.0000010 0.0000010 0.0565901 0.0565901 0.0399174 0.0399174 0.0357782 0.0399174 0.0392933 0.0000010 0.0000010 0.0000010 0.0000010 0.0000010 0.0000010 0.0000010 0.0000010 0.0000010 0.0000010 0.0000010 
GroabiCbFap2016|Grovesiella_abieticola_CbFap2016ID_13  9.0000000 1.0630166 1.4032736 0.0000000 0.7296578 0.1554641 0.1554641 0.0000010 1.3281873 1.3281873 1.8468764 2.0566434 1.2460578 2.0566434 0.9907033 0.0000010 0.8658558 0.4975429 0.0000010 0.4180001 0.4180001 0.5197009 0.3376525 0.3376525 0.3690467 0.3690467 
MyrhisCBS24733|Myriangium_hispanicum_CBS               9.0000000 0.7608202 1.4646178 0.7296578 0.0000000 0.1554641 0.1554641 0.0000010 1.4913263 1.4913263 1.7789464 1.9799200 1.3487984 1.9799200 0.9417935 0.1398204 0.8230742 0.6307704 0.1398204 0.5437226 0.5437226 0.6390044 0.4567271 0.4567271 0.5035692 0.5035692 
Delabi10669|Delphinella_abietis_10669                  9.0000000 0.1554641 0.0000010 0.1554641 0.1554641 0.0000000 0.0000010 0.0000010 0.0000010 0.0000010 0.0000010 0.0000010 0.0000010 0.0000010 0.0000010 0.0000010 0.0000010 0.0000010 0.0000010 0.0000010 0.0000010 0.0000010 0.0000010 0.0000010 0.0000010 0.0000010 
SchspJY119|Schwanniomyces_sp._JY119                    9.0000000 0.1554641 0.0000010 0.1554641 0.1554641 0.0000010 0.0000000 0.0000010 0.0000010 0.0000010 0.0000010 0.0000010 0.0000010 0.0000010 0.0000010 0.0000010 0.0000010 0.0000010 0.0000010 0.0000010 0.0000010 0.0000010 0.0000010 0.0000010 0.0000010 0.0000010 
UncfunHG764536|Uncultured_fungus_HG764536              9.0000000 0.0000010 0.0000010 0.0000010 0.0000010 0.0000010 0.0000010 0.0000000 0.0000010 0.0000010 0.0000010 0.0000010 0.0000010 0.0000010 0.0000010 0.0000010 0.0000010 0.0000010 0.0000010 0.0000010 0.0000010 0.0000010 0.0000010 0.0000010 0.0000010 0.0000010 
ZarlobsDAOMC250849|Zalaria_obscura_DAOM                1.2353688 1.6211707 0.0565901 1.3281873 1.4913263 0.0000010 0.0000010 0.0000010 0.0000000 0.0000010 0.0333130 0.0333130 0.0544979 0.0333130 0.0000010 0.0000010 0.0000010 0.0000010 0.0000010 0.0000010 0.0000010 0.0000010 0.0000010 0.0000010 0.0000010 0.0000010 
ZalalbDAOMC250847|Zalaria_alba_DAOM                    1.2353688 1.6211707 0.0565901 1.3281873 1.4913263 0.0000010 0.0000010 0.0000010 0.0000010 0.0000000 0.0333130 0.0333130 0.0544979 0.0333130 0.0000010 0.0000010 0.0000010 0.0000010 0.0000010 0.0000010 0.0000010 0.0000010 0.0000010 0.0000010 0.0000010 0.0000010 
ElsphaCBS16531|Elsinoe_phaseoli_CBS                    1.2353688 1.9736689 0.0399174 1.8468764 1.7789464 0.0000010 0.0000010 0.0000010 0.0333130 0.0333130 0.0000000 0.0000010 0.0000010 0.0000010 0.0000010 0.0000010 0.0000010 0.0000010 0.0000010 0.0000010 0.0000010 0.0000010 0.0000010 0.0000010 0.0000010 0.0000010 
ElsarruCBS22050|Elsinoe_arrudai_CBS                    1.2353688 2.1945947 0.0399174 2.0566434 1.9799200 0.0000010 0.0000010 0.0000010 0.0333130 0.0333130 0.0000010 0.0000000 0.0000010 0.0000010 0.0000010 0.0000010 0.0000010 0.0000010 0.0000010 0.0000010 0.0000010 0.0000010 0.0000010 0.0000010 0.0000010 0.0000010 
ElsdioCBS22350|Elsinoe_diospyri_CBS                    1.2353688 1.9405687 0.0357782 1.2460578 1.3487984 0.0000010 0.0000010 0.0000010 0.0544979 0.0544979 0.0000010 0.0000010 0.0000000 0.0000010 0.0000010 0.0000010 0.0000010 0.0000010 0.0000010 0.0000010 0.0000010 0.0000010 0.0000010 0.0000010 0.0000010 0.0000010 
ElslepCBS22550|Elsinoe_lepagei_CBS                     1.2353688 2.1945947 0.0399174 2.0566434 1.9799200 0.0000010 0.0000010 0.0000010 0.0333130 0.0333130 0.0000010 0.0000010 0.0000010 0.0000000 0.0000010 0.0000010 0.0000010 0.0000010 0.0000010 0.0000010 0.0000010 0.0000010 0.0000010 0.0000010 0.0000010 0.0000010 
UncfunLX042399|Uncultured_fungus_LX042399-122-056-F01  1.2353688 1.1707467 0.0392933 0.9907033 0.9417935 0.0000010 0.0000010 0.0000010 0.0000010 0.0000010 0.0000010 0.0000010 0.0000010 0.0000010 0.0000000 0.0000010 0.0000010 0.0000010 0.0000010 0.0000010 0.0000010 0.0000010 0.0000010 0.0000010 0.0000010 0.0000010 
AscspNWHC46419|Ascomycota_sp._NWHC46419-007_2SD        9.0000000 0.0000010 0.0000010 0.0000010 0.1398204 0.0000010 0.0000010 0.0000010 0.0000010 0.0000010 0.0000010 0.0000010 0.0000010 0.0000010 0.0000010 0.0000000 0.0000010 0.0000010 0.0000010 0.0000010 0.0000010 0.0000010 0.0000010 0.0000010 0.0000010 0.0000010 
StispMK136|Stigmina_sp._mk136                          1.2353688 1.0257961 0.0000010 0.8658558 0.8230742 0.0000010 0.0000010 0.0000010 0.0000010 0.0000010 0.0000010 0.0000010 0.0000010 0.0000010 0.0000010 0.0000010 0.0000000 0.0000010 0.0000010 0.0000010 0.0000010 0.0000010 0.0000010 0.0000010 0.0000010 0.0000010 
SarcruUAMH4286|Sarcinomyces_crustaceus_UAMH            1.2353688 0.8534392 0.0000010 0.4975429 0.6307704 0.0000010 0.0000010 0.0000010 0.0000010 0.0000010 0.0000010 0.0000010 0.0000010 0.0000010 0.0000010 0.0000010 0.0000010 0.0000000 0.0000010 0.0000010 0.0000010 0.0000010 0.0000010 0.0000010 0.0000010 0.0000010 
UncfunL049481|Uncultured_fungus_L049481H09             9.0000000 0.0000010 0.0000010 0.0000010 0.1398204 0.0000010 0.0000010 0.0000010 0.0000010 0.0000010 0.0000010 0.0000010 0.0000010 0.0000010 0.0000010 0.0000010 0.0000010 0.0000010 0.0000000 0.0000010 0.0000010 0.0000010 0.0000010 0.0000010 0.0000010 0.0000010 
AurspRF2017a|Aureobasidium_sp._RF-2017a                1.2353688 0.7486519 0.0000010 0.4180001 0.5437226 0.0000010 0.0000010 0.0000010 0.0000010 0.0000010 0.0000010 0.0000010 0.0000010 0.0000010 0.0000010 0.0000010 0.0000010 0.0000010 0.0000010 0.0000000 0.0000010 0.0000010 0.0000010 0.0000010 0.0000010 0.0000010 
ElspitCBS22750|Elsinoe_pitangae_CBS                    1.2353688 0.7486519 0.0000010 0.4180001 0.5437226 0.0000010 0.0000010 0.0000010 0.0000010 0.0000010 0.0000010 0.0000010 0.0000010 0.0000010 0.0000010 0.0000010 0.0000010 0.0000010 0.0000010 0.0000010 0.0000000 0.0000010 0.0000010 0.0000010 0.0000010 0.0000010 
ElsfawCBS13925|Elsinoe_fawcettii_CBS                   1.2353688 0.8308354 0.0000010 0.5197009 0.6390044 0.0000010 0.0000010 0.0000010 0.0000010 0.0000010 0.0000010 0.0000010 0.0000010 0.0000010 0.0000010 0.0000010 0.0000010 0.0000010 0.0000010 0.0000010 0.0000010 0.0000000 0.0000010 0.0000010 0.0000010 0.0000010 
DelbalDJOB080615|Delphinella_balsameae_DJO-B-080615-A4 0.8534392 0.6454604 0.0000010 0.3376525 0.4567271 0.0000010 0.0000010 0.0000010 0.0000010 0.0000010 0.0000010 0.0000010 0.0000010 0.0000010 0.0000010 0.0000010 0.0000010 0.0000010 0.0000010 0.0000010 0.0000010 0.0000010 0.0000000 0.0000010 0.0000010 0.0000010 
SydpolRBEB250515|Sydowia_polyspora_RBE-B-250515-A2     0.8534392 0.6454604 0.0000010 0.3376525 0.4567271 0.0000010 0.0000010 0.0000010 0.0000010 0.0000010 0.0000010 0.0000010 0.0000010 0.0000010 0.0000010 0.0000010 0.0000010 0.0000010 0.0000010 0.0000010 0.0000010 0.0000010 0.0000010 0.0000000 0.0000010 0.0000010 
MyrdurCBS26036|Myriangium_duriaei_CBS                  1.1099573 0.7260752 0.0000010 0.3690467 0.5035692 0.0000010 0.0000010 0.0000010 0.0000010 0.0000010 0.0000010 0.0000010 0.0000010 0.0000010 0.0000010 0.0000010 0.0000010 0.0000010 0.0000010 0.0000010 0.0000010 0.0000010 0.0000010 0.0000010 0.0000000 0.0000010 
MyrharCBS30034|Myriangium_haraeanum_CBS                1.1099573 0.7260752 0.0000010 0.3690467 0.5035692 0.0000010 0.0000010 0.0000010 0.0000010 0.0000010 0.0000010 0.0000010 0.0000010 0.0000010 0.0000010 0.0000010 0.0000010 0.0000010 0.0000010 0.0000010 0.0000010 0.0000010 0.0000010 0.0000010 0.0000010 0.0000000 
