40
GroabiCbFap2016|Grovesiella_abieticola_CbFap2016ID_13  0.0000000 2.3265971 2.6940280 2.0602904 2.0602904 2.0668771 2.6067862 2.3307780 2.3307780 2.3307780 2.3307780 1.9700064 2.4647079 2.3390982 2.8285719 2.3663554 2.4647079 1.9902097 2.8717892 2.6523406 2.6523406 2.6523406 2.6523406 3.0945552 4.0731611 3.2439750 2.5738166 2.7197232 3.5367867 3.9847813 3.8022404 3.5413100 3.2931661 5.2451142 3.5605898 4.5124721 4.7387783 3.1612252 4.6504406 4.7555716 
SarcruUAMH4286|Sarcinomyces_crustaceus_UAMH            2.3265971 0.0000000 0.0552701 0.5359492 0.5359492 0.4223261 0.3839091 0.3426196 0.3426196 0.3545445 0.3545445 0.3528505 0.3475706 0.3636780 0.4134079 0.3345625 0.3345625 0.4482226 0.4117113 0.3768533 0.3768533 0.3768533 0.3809301 0.7696470 1.4642666 0.7508232 0.7521171 0.7295954 0.9106616 1.1205629 0.9547449 1.0905828 1.0245756 1.1342936 0.8714201 0.9223502 0.9567198 0.9466583 0.9786587 0.8525743 
UncfunL049481|Uncultured_fungus_L049481H09             2.6940280 0.0552701 0.0000000 0.5384939 0.5384939 0.4249027 0.4036913 0.3406607 0.3406607 0.3528706 0.3528706 0.4033063 0.3654028 0.3684447 0.4183643 0.3380210 0.3380210 0.4327644 0.4309250 0.3939279 0.3939279 0.3939279 0.3983710 0.8331332 1.4495241 0.7692335 0.7719271 0.7545179 0.8777998 0.9969985 0.9037741 0.9265171 0.8965663 1.0414569 0.7983115 0.8806102 0.9132012 0.8368896 0.8543944 0.8103873 
UncfunHG764536|Uncultured_fungus_HG764536              2.0602904 0.5359492 0.5384939 0.0000000 0.0000010 0.3846228 0.3288544 0.2989960 0.2989960 0.3098722 0.3098722 0.3508690 0.4919017 0.4575622 0.5420554 0.4464804 0.4613397 0.3962398 0.4299474 0.3976150 0.3976150 0.3976150 0.3976150 0.6876317 1.0515219 0.9487896 0.8699808 0.9764415 0.9116172 0.8703451 1.0130501 0.8225165 0.7757947 0.9846841 0.7929343 0.8502127 0.8201411 0.9078007 1.0354891 0.8192883 
AscspNWHC46419|Ascomycota_sp._NWHC46419-007_2SD        2.0602904 0.5359492 0.5384939 0.0000010 0.0000000 0.3846228 0.3288544 0.2989960 0.2989960 0.3098722 0.3098722 0.3508690 0.4919017 0.4575622 0.5420554 0.4464804 0.4613397 0.3962398 0.4299474 0.3976150 0.3976150 0.3976150 0.3976150 0.6876317 1.0515219 0.9487896 0.8699808 0.9764415 0.9116172 0.8703451 1.0130501 0.8225165 0.7757947 0.9846841 0.7929343 0.8502127 0.8201411 0.9078007 1.0354891 0.8192883 
Dothsp119|Dothideales_sp._119                          2.0668771 0.4223261 0.4249027 0.3846228 0.3846228 0.0000000 0.0975387 0.3236371 0.3236371 0.3122249 0.3122249 0.1914709 0.4226000 0.4118011 0.4295922 0.3810098 0.3946313 0.2622893 0.1872331 0.1748579 0.1748579 0.1748579 0.1763244 0.7845188 0.9750753 1.0553369 0.8331684 0.8543610 1.1010494 1.2520026 1.2417123 1.0892363 1.1827554 1.1626123 1.0468080 1.0913931 1.1785165 1.2366998 1.3651465 1.1053620 
UncfunLX042399|Uncultured_fungus_LX042399-122-056-F01  2.6067862 0.3839091 0.4036913 0.3288544 0.3288544 0.0975387 0.0000000 0.3204453 0.3204453 0.3091675 0.3091675 0.1705591 0.4175506 0.4079397 0.4893596 0.3900197 0.4036641 0.2305233 0.2067285 0.1855689 0.1855689 0.1855689 0.1855689 0.8270057 0.8760940 1.0179749 0.7476560 0.8669639 1.0276350 0.9929216 1.1429206 0.9992111 0.9366642 1.1005552 0.8540945 0.9706402 0.9339347 1.0281360 1.1041128 0.9369811 
ZalalbDAOMC250847|Zalaria_alba_DAOM                    2.3307780 0.3426196 0.3406607 0.2989960 0.2989960 0.3236371 0.3204453 0.0000000 0.0000010 0.0000010 0.0000010 0.2150883 0.4801878 0.4682171 0.5627505 0.4483882 0.4641347 0.3281626 0.2722753 0.2469760 0.2469760 0.2469760 0.2469760 0.7256443 1.1247884 0.8116346 0.7169708 0.6874427 0.8796227 0.9258489 0.9274594 0.7741230 0.7728118 0.8951787 0.8743723 0.9036875 0.9230030 0.9392391 0.8043030 0.9811627 
AurspRF2017a|Aureobasidium_sp._RF-2017a                2.3307780 0.3426196 0.3406607 0.2989960 0.2989960 0.3236371 0.3204453 0.0000010 0.0000000 0.0000010 0.0000010 0.2150883 0.4801878 0.4682171 0.5627505 0.4483882 0.4641347 0.3281626 0.2722753 0.2469760 0.2469760 0.2469760 0.2469760 0.7256443 1.1247884 0.8116346 0.7169708 0.6874427 0.8796227 0.9258489 0.9274594 0.7741230 0.7728118 0.8951787 0.8743723 0.9036875 0.9230030 0.9392391 0.8043030 0.9811627 
ZarlobsDAOMC250849|Zalaria_obscura_DAOM                2.3307780 0.3545445 0.3528706 0.3098722 0.3098722 0.3122249 0.3091675 0.0000010 0.0000010 0.0000000 0.0000010 0.2051256 0.4801878 0.4682171 0.5627505 0.4483882 0.4641347 0.3281626 0.2722753 0.2469760 0.2469760 0.2469760 0.2469760 0.7256443 1.1247884 0.8116346 0.7169708 0.6874427 0.8818330 0.9258489 0.9274594 0.7741230 0.7728118 0.8951787 0.8743723 0.9036875 0.9230030 0.9392391 0.8240752 1.0021750 
SchspJY119|Schwanniomyces_sp._JY119                    2.3307780 0.3545445 0.3528706 0.3098722 0.3098722 0.3122249 0.3091675 0.0000010 0.0000010 0.0000010 0.0000000 0.2051256 0.4801878 0.4682171 0.5627505 0.4483882 0.4641347 0.3281626 0.2722753 0.2469760 0.2469760 0.2469760 0.2469760 0.7256443 1.1247884 0.8116346 0.7169708 0.6874427 0.8818330 0.9258489 0.9274594 0.7741230 0.7728118 0.8951787 0.8743723 0.9036875 0.9230030 0.9392391 0.8240752 1.0021750 
StispMK136|Stigmina_sp._mk136                          1.9700064 0.3528505 0.4033063 0.3508690 0.3508690 0.1914709 0.1705591 0.2150883 0.2150883 0.2051256 0.2051256 0.0000000 0.3442145 0.3469253 0.3892782 0.3186565 0.3313308 0.3113436 0.2441990 0.2203301 0.2203301 0.2203301 0.2203301 0.7181631 0.9628634 0.9324698 0.6878973 0.8344437 0.9508805 0.8697304 0.8897035 0.8397132 0.8331553 0.9661213 0.7472632 0.8111463 0.8284046 0.8831450 0.9801660 0.9446475 
DelstroCBS73571|Delphinella_strobiligena_CBS           2.4647079 0.3475706 0.3654028 0.4919017 0.4919017 0.4226000 0.4175506 0.4801878 0.4801878 0.4801878 0.4801878 0.3442145 0.0000000 0.0258043 0.0444994 0.0389967 0.0323082 0.2934690 0.2530313 0.2780253 0.2780253 0.2780253 0.2780253 0.6734071 1.1226936 0.9388291 0.8367279 0.8717525 1.2038924 1.1066564 0.9844829 1.0709091 0.9744749 1.0861262 0.8970847 0.9323844 0.9518795 0.8405440 1.0744753 1.1648325 
SydpolRBEB250515|Sydowia_polyspora_RBE-B-250515-A2     2.3390982 0.3636780 0.3684447 0.4575622 0.4575622 0.4118011 0.4079397 0.4682171 0.4682171 0.4682171 0.4682171 0.3469253 0.0258043 0.0000000 0.0264273 0.0258043 0.0192396 0.2674921 0.2323383 0.2566932 0.2566932 0.2566932 0.2566932 0.6480324 1.0327384 0.8667527 0.7720209 0.8074574 1.1569118 1.0643468 0.8934628 0.9711028 0.9373922 1.0448669 0.8628345 0.8973507 0.9160096 0.8074424 1.0030069 1.0831864 
DelabiKX364384|Delphinella_abietis_KX364384            2.8285719 0.4134079 0.4183643 0.5420554 0.5420554 0.4295922 0.4893596 0.5627505 0.5627505 0.5627505 0.5627505 0.3892782 0.0444994 0.0264273 0.0000000 0.0173781 0.0086200 0.4186475 0.2616493 0.2805716 0.2805716 0.2805716 0.2805716 0.7932598 1.9133300 1.3765463 1.3906374 1.4230312 1.6995444 1.6725941 1.3490962 1.3771268 1.3199998 1.6959203 1.2460155 1.3042566 1.3448390 1.1498841 1.4651593 1.6065426 
DelbalDJOB080615|Delphinella_balsameae_DJO-B-080615-A4 2.3663554 0.3345625 0.3380210 0.4464804 0.4464804 0.3810098 0.3900197 0.4483882 0.4483882 0.4483882 0.4483882 0.3186565 0.0389967 0.0258043 0.0173781 0.0000000 0.0063127 0.2934690 0.2307163 0.2548482 0.2548482 0.2548482 0.2548482 0.6734071 1.0438874 0.8758322 0.7801502 0.8431634 1.1673882 1.0738573 0.9013523 0.9513256 0.9181032 1.0541594 0.8706273 0.9053173 0.9241588 0.7901801 1.0119760 1.0595464 
Delabi10669|Delphinella_abietis_10669                  2.4647079 0.3345625 0.3380210 0.4613397 0.4613397 0.3946313 0.4036641 0.4641347 0.4641347 0.4641347 0.4641347 0.3313308 0.0323082 0.0192396 0.0086200 0.0063127 0.0000000 0.2934690 0.2307163 0.2548482 0.2548482 0.2548482 0.2548482 0.6734071 1.0438874 0.8758322 0.8079220 0.8431634 1.1673882 1.0738573 0.9013523 0.9796995 0.9458074 1.0541594 0.8706273 0.9053173 0.9241588 0.8149715 1.0119760 1.0595464 
UncfunLR993703|Uncultured_fungus_LR993703.1            1.9902097 0.4482226 0.4327644 0.3962398 0.3962398 0.2622893 0.2305233 0.3281626 0.3281626 0.3281626 0.3281626 0.3113436 0.2934690 0.2674921 0.4186475 0.2934690 0.2934690 0.0000000 0.1729647 0.1618899 0.1618899 0.1618899 0.1632023 0.6643446 0.9592389 0.7402286 0.6150935 0.5692598 0.8481220 1.0879421 0.8967455 0.9049605 0.9578426 0.9534586 0.9135661 0.9960826 1.0702740 0.9192445 0.9379175 0.9798548 
Funend9042|Fungal_endophyte_9042                       2.8717892 0.4117113 0.4309250 0.4299474 0.4299474 0.1872331 0.2067285 0.2722753 0.2722753 0.2722753 0.2722753 0.2441990 0.2530313 0.2323383 0.2616493 0.2307163 0.2307163 0.1729647 0.0000000 0.0130068 0.0130068 0.0130068 0.0130068 0.6383363 0.9837928 0.8052207 0.7054354 0.7341767 1.2098796 1.1576111 1.0569311 0.9892377 1.0522557 1.0766034 0.9687274 1.1149915 1.0717533 1.0465541 1.1431538 1.0752008 
AurpulEXF915|Aureobasidium_pullulans_EXF-915           2.6523406 0.3768533 0.3939279 0.3976150 0.3976150 0.1748579 0.1855689 0.2469760 0.2469760 0.2469760 0.2469760 0.2203301 0.2780253 0.2566932 0.2805716 0.2548482 0.2548482 0.1618899 0.0130068 0.0000000 0.0000010 0.0000010 0.0000010 0.5738158 0.9081903 0.7432069 0.6512523 0.6138838 1.0045589 1.1105658 0.9123811 0.8749023 1.0327316 0.9851262 0.9309280 0.9859923 1.0596120 1.0570576 1.1536775 1.0000093 
AurpulCBS100280|Aureobasidium_pullulans_CBS            2.6523406 0.3768533 0.3939279 0.3976150 0.3976150 0.1748579 0.1855689 0.2469760 0.2469760 0.2469760 0.2469760 0.2203301 0.2780253 0.2566932 0.2805716 0.2548482 0.2548482 0.1618899 0.0130068 0.0000010 0.0000000 0.0000010 0.0000010 0.5738158 0.9081903 0.7432069 0.6512523 0.6138838 1.0045589 1.1105658 0.9123811 0.8749023 1.0327316 0.9851262 0.9309280 0.9859923 1.0596120 1.0570576 1.1536775 1.0000093 
AurpulEXF150|Aureobasidium_pullulans_EXF-150           2.6523406 0.3768533 0.3939279 0.3976150 0.3976150 0.1748579 0.1855689 0.2469760 0.2469760 0.2469760 0.2469760 0.2203301 0.2780253 0.2566932 0.2805716 0.2548482 0.2548482 0.1618899 0.0130068 0.0000010 0.0000010 0.0000000 0.0000010 0.5738158 0.9081903 0.7432069 0.6512523 0.6138838 1.0045589 1.1105658 0.9123811 0.8749023 1.0327316 0.9851262 0.9309280 0.9859923 1.0596120 1.0570576 1.1536775 1.0000093 
AurpulCBS70176|Aureobasidium_pullulans_CBS             2.6523406 0.3809301 0.3983710 0.3976150 0.3976150 0.1763244 0.1855689 0.2469760 0.2469760 0.2469760 0.2469760 0.2203301 0.2780253 0.2566932 0.2805716 0.2548482 0.2548482 0.1632023 0.0130068 0.0000010 0.0000010 0.0000010 0.0000000 0.5808487 0.9081903 0.7432069 0.6512523 0.6225184 1.0204116 1.1105658 0.9258049 0.8876127 1.0327316 1.0002079 0.9309280 1.0012301 1.0596120 1.0570576 1.1536775 1.0000093 
ElshevCBS17956|Elsinoe_heveae_CBS                      3.0945552 0.7696470 0.8331332 0.6876317 0.6876317 0.7845188 0.8270057 0.7256443 0.7256443 0.7256443 0.7256443 0.7181631 0.6734071 0.6480324 0.7932598 0.6734071 0.6734071 0.6643446 0.6383363 0.5738158 0.5738158 0.5738158 0.5808487 0.0000000 0.7986379 0.3935158 0.4360635 0.4821811 0.8558096 0.6725511 0.6768793 0.6514919 0.6448078 0.6002368 0.5375447 0.5514121 0.6038493 0.6396059 0.6561370 0.6964804 
MyrhisCBS24733|Myriangium_hispanicum_CBS               4.0731611 1.4642666 1.4495241 1.0515219 1.0515219 0.9750753 0.8760940 1.1247884 1.1247884 1.1247884 1.1247884 0.9628634 1.1226936 1.0327384 1.9133300 1.0438874 1.0438874 0.9592389 0.9837928 0.9081903 0.9081903 0.9081903 0.9081903 0.7986379 0.0000000 0.4113695 0.3166774 0.3156187 0.8181003 1.0995808 1.1378651 1.2129923 1.1654408 1.2252542 1.1188566 1.1549641 1.1055465 1.1165391 1.1371617 1.0571598 
MyrharCBS30034|Myriangium_haraeanum_CBS                3.2439750 0.7508232 0.7692335 0.9487896 0.9487896 1.0553369 1.0179749 0.8116346 0.8116346 0.8116346 0.8116346 0.9324698 0.9388291 0.8667527 1.3765463 0.8758322 0.8758322 0.7402286 0.8052207 0.7432069 0.7432069 0.7432069 0.7432069 0.3935158 0.4113695 0.0000000 0.0881275 0.1116045 0.7549110 0.7860721 0.7046180 0.8074691 0.8064495 0.8176896 0.6883117 0.8200102 0.7853020 0.5889166 0.5551136 0.5723769 
MyrdurCBS26036|Myriangium_duriaei_CBS                  2.5738166 0.7521171 0.7719271 0.8699808 0.8699808 0.8331684 0.7476560 0.7169708 0.7169708 0.7169708 0.7169708 0.6878973 0.8367279 0.7720209 1.3906374 0.7801502 0.8079220 0.6150935 0.7054354 0.6512523 0.6512523 0.6512523 0.6512523 0.4360635 0.3166774 0.0881275 0.0000000 0.0225457 0.7292343 0.7696159 0.6897943 0.8005829 0.7868616 0.8432572 0.7365881 0.7687623 0.7362202 0.5948523 0.6093397 0.5796907 
MyrspEF109|Myriangium_sp._EF109                        2.7197232 0.7295954 0.7545179 0.9764415 0.9764415 0.8543610 0.8669639 0.6874427 0.6874427 0.6874427 0.6874427 0.8344437 0.8717525 0.8074574 1.4230312 0.8431634 0.8431634 0.5692598 0.7341767 0.6138838 0.6138838 0.6138838 0.6225184 0.4821811 0.3156187 0.1116045 0.0225457 0.0000000 0.7065780 0.8658703 0.6823485 0.8485618 0.9172138 0.8227521 0.7752451 0.7863133 0.8386664 0.6492913 0.6934754 0.6153887 
ElsoleCBS22759|Elsinoe_oleae_CBS                       3.5367867 0.9106616 0.8777998 0.9116172 0.9116172 1.1010494 1.0276350 0.8796227 0.8796227 0.8818330 0.8818330 0.9508805 1.2038924 1.1569118 1.6995444 1.1673882 1.1673882 0.8481220 1.2098796 1.0045589 1.0045589 1.0045589 1.0204116 0.8558096 0.8181003 0.7549110 0.7292343 0.7065780 0.0000000 0.5178327 0.4199288 0.4036497 0.4290901 0.4732887 0.4312214 0.4839631 0.5164252 0.4184465 0.4262837 0.3440475 
ElspitCBS22750|Elsinoe_pitangae_CBS                    3.9847813 1.1205629 0.9969985 0.8703451 0.8703451 1.2520026 0.9929216 0.9258489 0.9258489 0.9258489 0.9258489 0.8697304 1.1066564 1.0643468 1.6725941 1.0738573 1.0738573 1.0879421 1.1576111 1.1105658 1.1105658 1.1105658 1.1105658 0.6725511 1.0995808 0.7860721 0.7696159 0.8658703 0.5178327 0.0000000 0.1832047 0.1387717 0.1364909 0.1744354 0.1041354 0.1500731 0.1500120 0.2462790 0.3280979 0.1995451 
ElsmanCBS22650|Elsinoe_mangiferae_CBS                  3.8022404 0.9547449 0.9037741 1.0130501 1.0130501 1.2417123 1.1429206 0.9274594 0.9274594 0.9274594 0.9274594 0.8897035 0.9844829 0.8934628 1.3490962 0.9013523 0.9013523 0.8967455 1.0569311 0.9123811 0.9123811 0.9123811 0.9258049 0.6768793 1.1378651 0.7046180 0.6897943 0.6823485 0.4199288 0.1832047 0.0000000 0.1285153 0.1514643 0.1934839 0.1493006 0.1636283 0.1879991 0.1719013 0.2305922 0.2139861 
ElsjasCBS22450|Elsinoe_jasmini_CBS                     3.5413100 1.0905828 0.9265171 0.8225165 0.8225165 1.0892363 0.9992111 0.7741230 0.7741230 0.7741230 0.7741230 0.8397132 1.0709091 0.9711028 1.3771268 0.9513256 0.9796995 0.9049605 0.9892377 0.8749023 0.8749023 0.8749023 0.8876127 0.6514919 1.2129923 0.8074691 0.8005829 0.8485618 0.4036497 0.1387717 0.1285153 0.0000000 0.0119486 0.1085302 0.0662155 0.1501793 0.1733603 0.2120038 0.2724387 0.2405727 
ElscenCBS22250|Elsinoe_centrolobii_CBS                 3.2931661 1.0245756 0.8965663 0.7757947 0.7757947 1.1827554 0.9366642 0.7728118 0.7728118 0.7728118 0.7728118 0.8331553 0.9744749 0.9373922 1.3199998 0.9181032 0.9458074 0.9578426 1.0522557 1.0327316 1.0327316 1.0327316 1.0327316 0.6448078 1.1654408 0.8064495 0.7868616 0.9172138 0.4290901 0.1364909 0.1514643 0.0119486 0.0000000 0.1059305 0.0508378 0.1642376 0.1792045 0.2136108 0.2700574 0.2449372 
ElszizCBS37862|Elsinoe_zizyphi_CBS                     5.2451142 1.1342936 1.0414569 0.9846841 0.9846841 1.1626123 1.1005552 0.8951787 0.8951787 0.8951787 0.8951787 0.9661213 1.0861262 1.0448669 1.6959203 1.0541594 1.0541594 0.9534586 1.0766034 0.9851262 0.9851262 0.9851262 1.0002079 0.6002368 1.2252542 0.8176896 0.8432572 0.8227521 0.4732887 0.1744354 0.1934839 0.1085302 0.1059305 0.0000000 0.0919517 0.1332182 0.1473257 0.2846663 0.2976367 0.2381109 
ElsfawCBS13925|Elsinoe_fawcettii_CBS                   3.5605898 0.8714201 0.7983115 0.7929343 0.7929343 1.0468080 0.8540945 0.8743723 0.8743723 0.8743723 0.8743723 0.7472632 0.8970847 0.8628345 1.2460155 0.8706273 0.8706273 0.9135661 0.9687274 0.9309280 0.9309280 0.9309280 0.9309280 0.5375447 1.1188566 0.6883117 0.7365881 0.7752451 0.4312214 0.1041354 0.1493006 0.0662155 0.0508378 0.0919517 0.0000000 0.1126331 0.1125791 0.1738829 0.2433815 0.1842812 
Elscal22150|Elsinoe_caleae_CBS                         4.5124721 0.9223502 0.8806102 0.8502127 0.8502127 1.0913931 0.9706402 0.9036875 0.9036875 0.9036875 0.9036875 0.8111463 0.9323844 0.8973507 1.3042566 0.9053173 0.9053173 0.9960826 1.1149915 0.9859923 0.9859923 0.9859923 1.0012301 0.5514121 1.1549641 0.8200102 0.7687623 0.7863133 0.4839631 0.1500731 0.1636283 0.1501793 0.1642376 0.1332182 0.1126331 0.0000000 0.0291063 0.2478594 0.2735400 0.1957617 
ElsdioCBS22350|Elsinoe_diospyri_CBS                    4.7387783 0.9567198 0.9132012 0.8201411 0.8201411 1.1785165 0.9339347 0.9230030 0.9230030 0.9230030 0.9230030 0.8284046 0.9518795 0.9160096 1.3448390 0.9241588 0.9241588 1.0702740 1.0717533 1.0596120 1.0596120 1.0596120 1.0596120 0.6038493 1.1055465 0.7853020 0.7362202 0.8386664 0.5164252 0.1500120 0.1879991 0.1733603 0.1792045 0.1473257 0.1125791 0.0291063 0.0000000 0.2462077 0.2718243 0.2077941 
ElslepCBS22550|Elsinoe_lepagei_CBS                     3.1612252 0.9466583 0.8368896 0.9078007 0.9078007 1.2366998 1.0281360 0.9392391 0.9392391 0.9392391 0.9392391 0.8831450 0.8405440 0.8074424 1.1498841 0.7901801 0.8149715 0.9192445 1.0465541 1.0570576 1.0570576 1.0570576 1.0570576 0.6396059 1.1165391 0.5889166 0.5948523 0.6492913 0.4184465 0.2462790 0.1719013 0.2120038 0.2136108 0.2846663 0.1738829 0.2478594 0.2462077 0.0000000 0.1670411 0.1912824 
ElsarruCBS22050|Elsinoe_arrudai_CBS                    4.6504406 0.9786587 0.8543944 1.0354891 1.0354891 1.3651465 1.1041128 0.8043030 0.8043030 0.8240752 0.8240752 0.9801660 1.0744753 1.0030069 1.4651593 1.0119760 1.0119760 0.9379175 1.1431538 1.1536775 1.1536775 1.1536775 1.1536775 0.6561370 1.1371617 0.5551136 0.6093397 0.6934754 0.4262837 0.3280979 0.2305922 0.2724387 0.2700574 0.2976367 0.2433815 0.2735400 0.2718243 0.1670411 0.0000000 0.1635673 
ElsphaCBS16531|Elsinoe_phaseoli_CBS                    4.7555716 0.8525743 0.8103873 0.8192883 0.8192883 1.1053620 0.9369811 0.9811627 0.9811627 1.0021750 1.0021750 0.9446475 1.1648325 1.0831864 1.6065426 1.0595464 1.0595464 0.9798548 1.0752008 1.0000093 1.0000093 1.0000093 1.0000093 0.6964804 1.0571598 0.5723769 0.5796907 0.6153887 0.3440475 0.1995451 0.2139861 0.2405727 0.2449372 0.2381109 0.1842812 0.1957617 0.2077941 0.1912824 0.1635673 0.0000000 
